1,"[[0.21181574 0.17297865 0.27766126 0.08944201 0.24810234]
 [0.31421888 0.31422281 0.07774919 0.26017906 0.03363005]
 [0.2830197  0.2405832  0.31281255 0.11451342 0.04907114]
 [0.15820419 0.32691553 0.26470664 0.11955525 0.1306184 ]
 [0.04583203 0.39261709 0.30979827 0.21373057 0.03802204]]"
2,"[[0.21931569 0.38406744 0.04328987 0.04919808 0.30412892]
 [0.34764772 0.34037865 0.2585837  0.02454242 0.0288475 ]
 [0.43214315 0.12317252 0.04007596 0.01521985 0.38938852]
 [0.59368967 0.08282637 0.18119988 0.06483557 0.07744851]
 [0.38307913 0.25370107 0.11800091 0.22802986 0.01718902]]"
3,"[[0.43555586 0.2938253  0.21900903 0.01330759 0.03830222]
 [0.39551863 0.15148322 0.17787439 0.2331293  0.04199446]
 [0.16546197 0.29432503 0.26145859 0.20902974 0.06972467]
 [0.33496635 0.19566526 0.27643256 0.08517332 0.1077625 ]
 [0.24365456 0.26702228 0.18083455 0.17235002 0.13613859]]"
4,"[[0.21274047 0.06659182 0.17097456 0.38637146 0.16332168]
 [0.299489   0.3821486  0.19510507 0.03104007 0.09221727]
 [0.28341008 0.41052795 0.18624658 0.07500821 0.04480719]
 [0.26556645 0.24929963 0.23909458 0.21147354 0.0345658 ]
 [0.65175018 0.18068839 0.11086795 0.03480947 0.02188401]]"
5,"[[0.33309632 0.29053753 0.26006027 0.10328478 0.0130211 ]
 [0.25277202 0.39292092 0.16808115 0.11374935 0.07247657]
 [0.27427433 0.26315826 0.16646653 0.23279309 0.06330779]
 [0.32843901 0.14028168 0.13975879 0.16282829 0.22869223]
 [0.24591319 0.24362763 0.1637447  0.21320147 0.13351302]]"
6,"[[0.25790121 0.22926823 0.20279946 0.19168494 0.11834616]
 [0.17520498 0.04197925 0.36195758 0.04012475 0.38073345]
 [0.34475413 0.20146113 0.19070366 0.09225763 0.17082345]
 [0.20452327 0.32778655 0.19722988 0.13930968 0.13115062]
 [0.32163219 0.27555195 0.24647544 0.04614978 0.11019064]]"
7,"[[0.3451317  0.2137255  0.20245302 0.18790733 0.05078245]
 [0.22784193 0.34412006 0.10593881 0.15894174 0.16315746]
 [0.35275725 0.24236313 0.06450786 0.29690932 0.04346243]
 [0.25512095 0.18261461 0.21796115 0.22906433 0.11523896]
 [0.29180056 0.33644296 0.08856213 0.2445705  0.03862385]]"
8,"[[0.37400129 0.35159458 0.11476804 0.0720047  0.08763139]
 [0.25874364 0.18939705 0.33396959 0.06419071 0.153699  ]
 [0.39761701 0.28104934 0.04763978 0.25105816 0.02263571]
 [0.23914155 0.28373293 0.1652054  0.1388412  0.17307891]
 [0.2268019  0.2194686  0.21844569 0.18412169 0.15116213]]"
9,"[[0.16860159 0.38952303 0.27293745 0.14739689 0.02154103]
 [0.37538138 0.34926887 0.25124172 0.01895168 0.00515636]
 [0.37537133 0.28368317 0.08489072 0.18107937 0.07497541]
 [0.33713928 0.29473336 0.23795227 0.06911464 0.06106045]
 [0.21977851 0.28241292 0.17822177 0.1285167  0.19107011]]"
10,"[[0.1877815  0.36869088 0.37645626 0.04937965 0.01769171]
 [0.24110258 0.2169855  0.06827361 0.21113146 0.26250686]
 [0.36415735 0.27955096 0.22377312 0.03764207 0.0948765 ]
 [0.39303073 0.38249634 0.11958671 0.08663205 0.01825417]
 [0.37187129 0.36198155 0.05766114 0.01792915 0.19055688]]"
11,"[[0.10501468 0.42496551 0.04944824 0.39864377 0.0219278 ]
 [0.34473202 0.3102464  0.0241785  0.16882323 0.15201985]
 [0.27930795 0.26171462 0.23011502 0.20633925 0.02252316]
 [0.37414231 0.32971827 0.14820748 0.05475533 0.09317662]
 [0.30403649 0.23475352 0.21653523 0.05021956 0.1944552 ]]"
12,"[[0.38267299 0.27592412 0.25179089 0.03116281 0.05844919]
 [0.44351126 0.05950795 0.40415621 0.04984778 0.0429768 ]
 [0.27496769 0.24118559 0.23353444 0.13861674 0.11169553]
 [0.44931943 0.36017708 0.0368957  0.05219791 0.10140988]
 [0.40812987 0.16998038 0.29832496 0.11461689 0.0089479 ]]"
13,"[[0.37645981 0.19166881 0.1777478  0.15488136 0.09924222]
 [0.27272187 0.24822895 0.20757841 0.15891228 0.11255849]
 [0.32046921 0.16246577 0.29447872 0.21452365 0.00806266]
 [0.27000205 0.24333132 0.21849567 0.10787566 0.1602953 ]
 [0.37988582 0.31521268 0.16598541 0.10156372 0.03735236]]"
14,"[[0.26084673 0.30777455 0.2499809  0.08932503 0.0920728 ]
 [0.28442037 0.26613067 0.1653494  0.21598335 0.06811621]
 [0.24313834 0.12268325 0.31150769 0.04148314 0.28118759]
 [0.39000955 0.26675876 0.0964304  0.16653159 0.0802697 ]
 [0.55444666 0.20732518 0.10357159 0.08476823 0.04988834]]"
15,"[[0.28679754 0.24288684 0.24073815 0.02346401 0.20611345]
 [0.40197665 0.26072954 0.16864568 0.10854396 0.06010418]
 [0.38616884 0.32236323 0.11406686 0.03198617 0.1454149 ]
 [0.30118948 0.29871947 0.18896663 0.17912668 0.03199775]
 [0.36535538 0.42218943 0.15429291 0.04531082 0.01285146]]"
16,"[[0.33018514 0.31725818 0.2047219  0.12186911 0.02596568]
 [0.25371553 0.12721667 0.31863847 0.28786833 0.012561  ]
 [0.3825917  0.26412631 0.15728743 0.07565051 0.12034405]
 [0.30169113 0.29932252 0.14799829 0.10770696 0.1432811 ]
 [0.41380582 0.14752905 0.03324693 0.00669565 0.39872255]]"
17,"[[0.33270293 0.21988612 0.21239765 0.11795643 0.11705687]
 [0.30038069 0.14427812 0.23348715 0.14393082 0.17792323]
 [0.23866599 0.21503365 0.07726571 0.28791928 0.18111537]
 [0.30779543 0.30446072 0.12618361 0.22889999 0.03266025]
 [0.28056721 0.22703122 0.14913471 0.21431433 0.12895252]]"
18,"[[0.43340931 0.22123872 0.11839193 0.21542711 0.01153293]
 [0.46061392 0.32818314 0.01862223 0.15820207 0.03437864]
 [0.30338667 0.11395326 0.38791661 0.18876035 0.00598311]
 [0.33185395 0.32496446 0.05172579 0.24910605 0.04234976]
 [0.28873341 0.11033669 0.32115664 0.21567541 0.06409784]]"
19,"[[0.35796877 0.1227004  0.31033812 0.09393412 0.11505859]
 [0.27544121 0.45389886 0.21086111 0.00324838 0.05655044]
 [0.38885458 0.34073877 0.19317784 0.03864308 0.03858573]
 [0.31264629 0.34654238 0.05499629 0.00864435 0.27717068]
 [0.37190318 0.21324253 0.1828462  0.09425336 0.13775473]]"
20,"[[0.42012545 0.26388426 0.20907302 0.08455343 0.02236384]
 [0.37537067 0.20270142 0.2399891  0.02297217 0.15896664]
 [0.24551482 0.2132355  0.20164699 0.20374714 0.13585554]
 [0.22293088 0.30474336 0.14659705 0.19928614 0.12644257]
 [0.16532128 0.18687331 0.29910583 0.27383448 0.0748651 ]]"
21,"[[0.37161961 0.36885611 0.1717511  0.08366328 0.0041099 ]
 [0.19550966 0.27889744 0.10657756 0.24608507 0.17293026]
 [0.45865989 0.40831912 0.07106749 0.03665414 0.02529936]
 [0.33483179 0.220427   0.23530389 0.11698521 0.09245211]
 [0.30565695 0.22157061 0.30293707 0.16711935 0.00271602]]"
22,"[[0.26218761 0.247109   0.10385361 0.14351093 0.24333884]
 [0.31523506 0.24552297 0.24494676 0.11678314 0.07751207]
 [0.31400642 0.36935185 0.29113129 0.0172952  0.00821524]
 [0.35651128 0.30716644 0.07781737 0.17293079 0.08557412]
 [0.35090176 0.22939748 0.22567756 0.16092238 0.03310082]]"
23,"[[0.24505676 0.05170694 0.4281129  0.03065431 0.24446908]
 [0.29603301 0.24657281 0.22307612 0.08429028 0.15002778]
 [0.23532037 0.46042752 0.14324927 0.14173866 0.01926418]
 [0.33004644 0.20082403 0.36159206 0.07700746 0.03053002]
 [0.22489107 0.21628808 0.18882655 0.14627221 0.2237221 ]]"
24,"[[0.47793475 0.20815683 0.09490605 0.18809027 0.0309121 ]
 [0.23615249 0.23547791 0.20199242 0.1915611  0.13481608]
 [0.36964447 0.21239606 0.30912311 0.10660288 0.00223348]
 [0.15743257 0.0737093  0.3967151  0.33182969 0.04031333]
 [0.3615649  0.09896147 0.32756965 0.03137855 0.18052542]]"
25,"[[0.24827693 0.24167704 0.18920571 0.20323102 0.11760929]
 [0.22057568 0.25797432 0.20886093 0.24011399 0.07247507]
 [0.50479017 0.22738798 0.02354883 0.17740992 0.0668631 ]
 [0.26329721 0.29110676 0.2372808  0.11970527 0.08860995]
 [0.36775484 0.41957597 0.12875554 0.08118378 0.00272987]]"
26,"[[0.35291089 0.31460922 0.18605179 0.02140974 0.12501836]
 [0.40552664 0.07134823 0.26910461 0.21696057 0.03705995]
 [0.10424914 0.49993684 0.25989939 0.03688323 0.0990314 ]
 [0.37682681 0.1842639  0.15865162 0.140441   0.13981667]
 [0.53019227 0.24544432 0.12364239 0.05894389 0.04177714]]"
27,"[[0.2411353  0.22756132 0.23410049 0.26346696 0.03373592]
 [0.20621018 0.19037117 0.36794366 0.07737092 0.15810409]
 [0.48434064 0.29959402 0.04629355 0.15031966 0.01945213]
 [0.26826449 0.19573387 0.32270606 0.17428    0.03901558]
 [0.31441884 0.29915117 0.26170598 0.07611064 0.04861336]]"
28,"[[0.28257119 0.12349136 0.33355271 0.15093416 0.10945057]
 [0.3511723  0.26029577 0.03318716 0.34127494 0.01406984]
 [0.29815588 0.25578259 0.13112212 0.24377119 0.07116822]
 [0.25455984 0.38622061 0.23912387 0.09765403 0.02244164]
 [0.20914104 0.31865222 0.20172828 0.04609953 0.22437892]]"
29,"[[0.34832818 0.35065856 0.13458997 0.08334332 0.08307998]
 [0.32899609 0.31281721 0.13387749 0.2034642  0.02084501]
 [0.32268701 0.16593307 0.3153381  0.12656485 0.06947697]
 [0.0176273  0.34483374 0.30593048 0.28254124 0.04906725]
 [0.44050556 0.26355498 0.15049869 0.13387408 0.01156669]]"
30,"[[0.27837579 0.17225866 0.19076016 0.26526634 0.09333905]
 [0.35200584 0.30597434 0.05200868 0.09337182 0.19663931]
 [0.4953036  0.22758472 0.25543912 0.00515234 0.01652021]
 [0.34004705 0.08697924 0.23131207 0.23307002 0.10859162]
 [0.39105543 0.22182456 0.15355031 0.1507839  0.0827858 ]]"
31,"[[0.24131038 0.24032786 0.17888629 0.19572253 0.14375295]
 [0.31747045 0.28175584 0.11782617 0.27377456 0.00917298]
 [0.29885238 0.2759841  0.22736448 0.18764058 0.01015845]
 [0.29455723 0.31879799 0.13697862 0.08622003 0.16344614]
 [0.52055059 0.27507652 0.14597569 0.05181186 0.00658534]]"
32,"[[0.45502386 0.20065637 0.17302241 0.07528427 0.09601309]
 [0.40518347 0.18342881 0.35915596 0.0464855  0.00574625]
 [0.32371456 0.5077473  0.09021333 0.05936288 0.01896194]
 [0.39876526 0.35228703 0.16768651 0.07216627 0.00909493]
 [0.44614465 0.23848088 0.07647626 0.1760302  0.06286802]]"
33,"[[0.36816648 0.29227086 0.24078011 0.0439506  0.05483196]
 [0.33865725 0.18262882 0.27772655 0.13683695 0.06415043]
 [0.04999405 0.14102725 0.54306809 0.00565355 0.26025705]
 [0.24932305 0.27504872 0.3586119  0.06256068 0.05445566]
 [0.33333159 0.19982616 0.1906982  0.16968829 0.10645577]]"
34,"[[0.28601284 0.07707664 0.31790991 0.0407632  0.27823741]
 [0.48524944 0.13904578 0.25797263 0.06283722 0.05489493]
 [0.23576024 0.43670948 0.16533782 0.03080803 0.13138441]
 [0.28020508 0.26521603 0.20980741 0.15825462 0.08651686]
 [0.31897507 0.28303524 0.24416312 0.12461315 0.02921342]]"
35,"[[0.25160683 0.19256608 0.18915992 0.16404453 0.20262265]
 [0.30768514 0.26385669 0.30131407 0.11482866 0.01231544]
 [0.30412983 0.40822008 0.22368538 0.05003239 0.01393232]
 [0.23575355 0.23794502 0.25648252 0.20919359 0.06062532]
 [0.25854001 0.15273911 0.1133051  0.25091389 0.22450189]]"
36,"[[0.251537   0.26634169 0.21301526 0.20177371 0.06733232]
 [0.30823605 0.18420854 0.31136642 0.17900191 0.01718708]
 [0.40352547 0.24123094 0.12470129 0.02103777 0.20950454]
 [0.24496002 0.20616732 0.18674619 0.24133461 0.12079187]
 [0.32175948 0.30436879 0.28471748 0.08407092 0.00508334]]"
37,"[[0.40478814 0.37105909 0.17175286 0.05149512 0.0009048 ]
 [0.33114234 0.2160862  0.26577851 0.15460965 0.0323833 ]
 [0.33398944 0.28018859 0.16901008 0.09963015 0.11718174]
 [0.11308449 0.1553111  0.31838249 0.31475873 0.0984632 ]
 [0.37277218 0.15555337 0.25522277 0.071978   0.14447368]]"
38,"[[0.14292065 0.35423456 0.3116307  0.05825353 0.13296056]
 [0.20768594 0.32881946 0.30328997 0.03917428 0.12103035]
 [0.27329686 0.33237125 0.30682259 0.08467579 0.0028335 ]
 [0.40770771 0.23209956 0.16342295 0.12377401 0.07299577]
 [0.40196767 0.39314078 0.00545463 0.01258064 0.18685628]]"
39,"[[4.36105857e-02 2.82425996e-01 3.45584114e-01 2.36432565e-01
  9.19467394e-02]
 [2.39157624e-01 6.27328834e-02 5.06373623e-03 6.31678704e-01
  6.13670520e-02]
 [2.87941161e-01 2.83123574e-01 1.90454066e-01 1.68668334e-01
  6.98128640e-02]
 [4.12069983e-01 3.17713993e-01 4.13793031e-02 1.92089680e-01
  3.67470408e-02]
 [2.92768451e-01 5.72735592e-03 3.26877179e-01 3.30295125e-04
  3.74296719e-01]]"
40,"[[0.33549954 0.23064415 0.27976677 0.10020867 0.05388087]
 [0.28576412 0.28746813 0.19037283 0.18801748 0.04837745]
 [0.42881684 0.19534543 0.1140697  0.16001982 0.10174821]
 [0.41450412 0.44980277 0.06704205 0.04061547 0.02803559]
 [0.27682666 0.24562982 0.17155416 0.18063718 0.12535218]]"
41,"[[0.2039772  0.18436181 0.29517394 0.2944471  0.02203994]
 [0.30539382 0.26660547 0.24372179 0.1608611  0.02341782]
 [0.34555704 0.31574346 0.17012561 0.00259897 0.16597493]
 [0.3191731  0.31350521 0.11914355 0.23818758 0.00999056]
 [0.22896655 0.27778094 0.23171046 0.14844566 0.11309639]]"
42,"[[0.26477611 0.21357636 0.23488848 0.19112836 0.09563069]
 [0.31607972 0.16933843 0.2067987  0.1843245  0.12345865]
 [0.27686369 0.25575907 0.20940774 0.17447494 0.08349456]
 [0.44167342 0.21172804 0.18480104 0.14055953 0.02123798]
 [0.22505958 0.21783494 0.12703758 0.22382419 0.20624372]]"
43,"[[0.24210395 0.23822638 0.24554026 0.16331614 0.11081327]
 [0.30637544 0.28606847 0.25968802 0.11706317 0.0308049 ]
 [0.25792248 0.26501685 0.24834899 0.09502111 0.13369056]
 [0.285992   0.25076675 0.14947789 0.19922859 0.11453477]
 [0.32969105 0.17480741 0.28608544 0.02139618 0.18801992]]"
44,"[[0.12398128 0.21496616 0.45697043 0.13706156 0.06702057]
 [0.24144973 0.22319124 0.23222117 0.17861494 0.12452291]
 [0.56173611 0.22882289 0.06715911 0.0321997  0.11008218]
 [0.31574689 0.2035285  0.24321337 0.13028367 0.10722757]
 [0.43077393 0.306715   0.01799108 0.17410037 0.07041962]]"
45,"[[0.26946992 0.2746005  0.38888158 0.02985164 0.03719636]
 [0.20585302 0.36014245 0.27207544 0.08960187 0.07232722]
 [0.34033442 0.10188903 0.44608576 0.07363778 0.03805301]
 [0.38221095 0.2151735  0.14405633 0.12775168 0.13080754]
 [0.32235459 0.25573983 0.13939965 0.17901916 0.10348676]]"
46,"[[0.29727228 0.27800252 0.23091079 0.1707627  0.02305172]
 [0.30501157 0.17452272 0.23179614 0.18491177 0.10375779]
 [0.30764582 0.30697144 0.22055894 0.08367903 0.08114477]
 [0.21574648 0.21351294 0.21755796 0.00080613 0.35237649]
 [0.14813416 0.24078554 0.20768928 0.2024776  0.20091342]]"
47,"[[0.27514426 0.06947768 0.16301221 0.29209941 0.20026644]
 [0.26476311 0.18338523 0.24627829 0.18119218 0.1243812 ]
 [0.41290129 0.33971599 0.1535718  0.04297004 0.05084089]
 [0.14319518 0.11254101 0.31409333 0.35503522 0.07513526]
 [0.32753549 0.30030966 0.25624198 0.03461446 0.08129842]]"
48,"[[0.40900528 0.27895104 0.249184   0.04315173 0.01970795]
 [0.18703965 0.47307507 0.17679798 0.08308697 0.08000033]
 [0.34140414 0.30396121 0.29242505 0.03941419 0.02279541]
 [0.33702013 0.25316933 0.2905696  0.08870102 0.03053992]
 [0.33145496 0.21045889 0.24960543 0.16287617 0.04560455]]"
49,"[[0.30722544 0.19698816 0.21949572 0.11574001 0.16055068]
 [0.27532647 0.19055165 0.26015213 0.24978026 0.02418949]
 [0.27803572 0.30691355 0.25048899 0.14917374 0.015388  ]
 [0.32906177 0.3273485  0.26578704 0.07626342 0.00153928]
 [0.28935608 0.24452707 0.14001783 0.23881823 0.08728078]]"
50,"[[0.32050238 0.22993145 0.1927918  0.08111557 0.1756588 ]
 [0.4284543  0.31966724 0.08978075 0.13370753 0.02839018]
 [0.36001378 0.05149531 0.1956146  0.35375074 0.03912557]
 [0.21982905 0.19276515 0.34101146 0.13229701 0.11409733]
 [0.43680441 0.36038595 0.07610752 0.074519   0.05218312]]"
51,"[[0.26816899 0.33562548 0.15732946 0.17157147 0.06730461]
 [0.30933173 0.24552094 0.2341172  0.13352277 0.07750735]
 [0.21905162 0.19908041 0.20431903 0.18889622 0.18865272]
 [0.32074929 0.27654227 0.26219969 0.05030047 0.09020828]
 [0.32628929 0.29347316 0.14083475 0.15877191 0.08063089]]"
52,"[[0.27865256 0.30374979 0.27239257 0.09619899 0.0490061 ]
 [0.31869671 0.24787273 0.21218452 0.17260812 0.04863792]
 [0.1212391  0.26710228 0.05398107 0.28682256 0.27085499]
 [0.34791055 0.33901619 0.13462601 0.12509181 0.05335543]
 [0.13501451 0.33808353 0.30839129 0.12766346 0.0908472 ]]"
53,"[[0.20302673 0.25282566 0.21291693 0.17756383 0.15366686]
 [0.33550423 0.40606037 0.18787735 0.01890932 0.05164873]
 [0.05110292 0.36255063 0.1851338  0.2165957  0.18461695]
 [0.29295378 0.20198258 0.26747356 0.0638547  0.17373539]
 [0.35067629 0.37589789 0.15829659 0.06059376 0.05453548]]"
54,"[[0.32374957 0.20316448 0.23465616 0.21992372 0.01850607]
 [0.3257666  0.21368773 0.14777171 0.2343083  0.07846565]
 [0.42810708 0.20755106 0.18683256 0.12483042 0.05267887]
 [0.42861997 0.12996194 0.22742381 0.14669292 0.06730137]
 [0.21764231 0.27231393 0.21972223 0.20859575 0.08172579]]"
55,"[[0.41667484 0.04224335 0.32459966 0.16709306 0.04938908]
 [0.31733333 0.40070839 0.03840473 0.124626   0.11892755]
 [0.30954392 0.5150878  0.03155182 0.08230601 0.06151044]
 [0.28538232 0.28712188 0.2118707  0.16254698 0.05307812]
 [0.40597702 0.33861763 0.03600817 0.13649904 0.08289814]]"
56,"[[0.28654837 0.21905496 0.23185324 0.16132006 0.10122336]
 [0.37205107 0.29456925 0.09736091 0.19219872 0.04382004]
 [0.33110979 0.21579558 0.33978427 0.0791764  0.03413396]
 [0.18753953 0.26316735 0.3586736  0.13653642 0.05408311]
 [0.25361678 0.19671129 0.2909185  0.09989182 0.15886161]]"
57,"[[0.37246338 0.0249018  0.51868906 0.07965083 0.00429493]
 [0.2554313  0.23938572 0.2584731  0.11437822 0.13233167]
 [0.43731914 0.32357778 0.0914807  0.07303797 0.07458441]
 [0.24036689 0.26145621 0.20104824 0.19467509 0.10245357]
 [0.32597808 0.31778125 0.19210439 0.09458439 0.06955189]]"
58,"[[0.32184331 0.19399993 0.24559066 0.23084097 0.00772513]
 [0.3203573  0.28612699 0.23630418 0.13493091 0.02228062]
 [0.44148557 0.25233881 0.11451449 0.17995655 0.01170458]
 [0.18084117 0.25098997 0.27872634 0.07043609 0.21900642]
 [0.39508699 0.22249633 0.14946135 0.17966575 0.05328958]]"
59,"[[0.28824288 0.22521666 0.18726468 0.18569267 0.11358311]
 [0.53103529 0.28446102 0.12590014 0.03964076 0.01896279]
 [0.24434061 0.2472625  0.21309149 0.19554907 0.09975632]
 [0.22480782 0.17637027 0.44823574 0.07573299 0.07485317]
 [0.31297823 0.0351527  0.27489796 0.1188875  0.25808361]]"
60,"[[0.2839129  0.23644018 0.18359024 0.15571332 0.14034337]
 [0.21121626 0.19786081 0.30638534 0.17248701 0.11205058]
 [0.39423823 0.11085978 0.22406987 0.17176427 0.09906785]
 [0.45664219 0.31970977 0.01081547 0.12072296 0.09210961]
 [0.3947681  0.32777647 0.06159181 0.16995735 0.04590627]]"
61,"[[0.28422634 0.27262288 0.16985069 0.14405624 0.12924385]
 [0.22928821 0.17825291 0.19867922 0.23181914 0.16196052]
 [0.38674704 0.21482854 0.0333818  0.06865463 0.29638799]
 [0.31617472 0.22467385 0.15718886 0.16205696 0.13990561]
 [0.29358686 0.25592516 0.22793461 0.08747334 0.13508002]]"
62,"[[0.45653678 0.18087462 0.25214593 0.07732739 0.03311527]
 [0.1735254  0.2334633  0.23894421 0.19925351 0.15481359]
 [0.22184836 0.3653417  0.07071414 0.27691691 0.06517889]
 [0.31600176 0.24599412 0.08928983 0.31262072 0.03609357]
 [0.30397649 0.36670159 0.24610332 0.07086962 0.01234898]]"
63,"[[0.23578999 0.34542377 0.13926771 0.05907992 0.22043861]
 [0.26908296 0.21770612 0.25181847 0.07403529 0.18735717]
 [0.31094567 0.15613222 0.14475431 0.11749553 0.27067227]
 [0.38246116 0.36438468 0.0494304  0.15460721 0.04911656]
 [0.23401783 0.23438111 0.21648687 0.13452943 0.18058475]]"
64,"[[0.26395073 0.20645074 0.18351977 0.27857964 0.06749911]
 [0.31983131 0.30070349 0.11673261 0.16891777 0.09381481]
 [0.18523185 0.34836061 0.27395396 0.12206076 0.07039282]
 [0.25363127 0.20353512 0.17984488 0.19330548 0.16968325]
 [0.33152152 0.20031875 0.2650183  0.17319485 0.02994657]]"
65,"[[0.29436289 0.35525145 0.1556407  0.12782564 0.06691931]
 [0.2775097  0.2637269  0.15862698 0.27455142 0.02558499]
 [0.33716137 0.30271278 0.18163241 0.13972725 0.03876619]
 [0.27004421 0.25495015 0.12536304 0.26406874 0.08557387]
 [0.30342103 0.25219124 0.17651102 0.22856453 0.03931219]]"
66,"[[0.2341537  0.01597866 0.42760968 0.18632974 0.13592822]
 [0.43444775 0.05806408 0.06727815 0.03770164 0.40250838]
 [0.25700222 0.29621253 0.25935994 0.13131709 0.05610821]
 [0.37534333 0.35437474 0.20995311 0.03825343 0.02207539]
 [0.26880521 0.25990898 0.12931386 0.2468701  0.09510185]]"
67,"[[0.39985999 0.33175798 0.05428236 0.00331776 0.21078191]
 [0.32885173 0.21950632 0.1403343  0.03195123 0.27935643]
 [0.13478884 0.57788501 0.14338147 0.08009274 0.06385194]
 [0.36486237 0.02482502 0.39742064 0.21101436 0.00187762]
 [0.26703795 0.26402388 0.20742957 0.20015865 0.06134995]]"
68,"[[0.29453491 0.33538176 0.15991562 0.19710424 0.01306347]
 [0.29860261 0.16935497 0.21233951 0.16401444 0.15568848]
 [0.1714777  0.51503783 0.13533297 0.12686871 0.05128279]
 [0.34430491 0.20367572 0.13968787 0.1902328  0.1220987 ]
 [0.3263103  0.31057499 0.27930466 0.07835011 0.00545993]]"
69,"[[0.32521929 0.18506123 0.26930596 0.17428386 0.04612966]
 [0.24509058 0.32848115 0.31685416 0.08338104 0.02619307]
 [0.21691563 0.41426163 0.33972316 0.02093303 0.00816655]
 [0.38767234 0.25867234 0.16305169 0.133691   0.05691263]
 [0.3162227  0.3043736  0.21926232 0.02637761 0.13376377]]"
70,"[[0.51448053 0.1556156  0.25013306 0.07921657 0.00055425]
 [0.30987933 0.31870096 0.17557695 0.17318894 0.02265382]
 [0.31304607 0.31228185 0.25510357 0.0471352  0.07243331]
 [0.32032745 0.29364777 0.16495404 0.13013813 0.09093261]
 [0.365977   0.29606154 0.16096816 0.15669173 0.02030158]]"
71,"[[0.30542442 0.28041945 0.24236594 0.09232792 0.07946226]
 [0.29526734 0.2746525  0.22902092 0.12075733 0.08030191]
 [0.35948986 0.26090308 0.20347497 0.14228683 0.03384526]
 [0.27571555 0.26144058 0.23499258 0.13924563 0.08860567]
 [0.26187509 0.26315842 0.22468595 0.07881801 0.17146253]]"
72,"[[0.30911646 0.2732061  0.10654071 0.14568676 0.16544997]
 [0.43613843 0.04795584 0.21825662 0.14993425 0.14771486]
 [0.29919394 0.26868569 0.30139164 0.03535266 0.09537607]
 [0.16041625 0.3269448  0.40417649 0.10066006 0.00780241]
 [0.36460487 0.11952986 0.2800018  0.18428454 0.05157893]]"
73,"[[0.23611013 0.21601563 0.1578714  0.20097839 0.18902445]
 [0.51952278 0.16128497 0.11680298 0.08753228 0.11485698]
 [0.3582619  0.12812864 0.09135873 0.31820383 0.1040469 ]
 [0.29185042 0.3835591  0.25793418 0.03005651 0.03659978]
 [0.52298902 0.26117237 0.18031229 0.02929322 0.0062331 ]]"
74,"[[0.23325719 0.19800628 0.21484544 0.18220173 0.17168936]
 [0.26937777 0.27472334 0.26483433 0.17147997 0.01958458]
 [0.37169939 0.3436443  0.08986041 0.14128476 0.05351113]
 [0.42752926 0.16946885 0.25681541 0.08358954 0.06259694]
 [0.26328201 0.30071787 0.23593837 0.09179488 0.10826687]]"
75,"[[0.30439247 0.11572989 0.12669515 0.24900877 0.20417372]
 [0.33689551 0.22333376 0.22198139 0.03921653 0.17857281]
 [0.30236238 0.24399771 0.17537091 0.24041383 0.03785517]
 [0.25500994 0.23043719 0.21357176 0.17166155 0.12931955]
 [0.28540172 0.17889232 0.21468645 0.16285891 0.15816061]]"
76,"[[0.26460419 0.11407411 0.26150145 0.10750144 0.25231881]
 [0.33979683 0.19682625 0.2838881  0.15203018 0.02745864]
 [0.35089509 0.33141356 0.18833863 0.10822264 0.02113007]
 [0.31537699 0.32563794 0.07281944 0.28251196 0.00365368]
 [0.4578204  0.20308599 0.15100936 0.07563416 0.11245009]]"
77,"[[0.23276374 0.43823813 0.18221053 0.14283374 0.00395386]
 [0.25417293 0.23467236 0.23445557 0.09280671 0.18389244]
 [0.22937378 0.19165091 0.42711123 0.0225162  0.12934788]
 [0.38015093 0.18579949 0.18670687 0.07450575 0.17283696]
 [0.40545679 0.24454788 0.18372853 0.06152115 0.10474565]]"
78,"[[0.20853459 0.22178697 0.22805411 0.19305597 0.14856836]
 [0.2873141  0.18509844 0.20310317 0.16356794 0.16091635]
 [0.23423001 0.18140174 0.30140553 0.11892256 0.16404015]
 [0.36045091 0.22351653 0.19344642 0.03762959 0.18495655]
 [0.46613089 0.26870867 0.22037746 0.03544277 0.00934021]]"
79,"[[0.36152506 0.07643878 0.15048546 0.28973239 0.1218183 ]
 [0.35223084 0.23616852 0.27624619 0.0549115  0.08044296]
 [0.34530105 0.34997836 0.23498073 0.02492014 0.04481971]
 [0.26684606 0.22732391 0.21455893 0.1965065  0.0947646 ]
 [0.33524291 0.22780475 0.01170537 0.21910837 0.2061386 ]]"
80,"[[0.26410877 0.25730637 0.24259406 0.13860289 0.09738791]
 [0.38089896 0.42613072 0.13603806 0.0443629  0.01256936]
 [0.53521271 0.17837991 0.17499868 0.01620878 0.09519992]
 [0.58246911 0.34340419 0.06611143 0.0065751  0.00144016]
 [0.35092971 0.34362517 0.15755346 0.0868633  0.06102836]]"
81,"[[0.23550719 0.21438489 0.162526   0.27026947 0.11731245]
 [0.25377663 0.22369063 0.22427701 0.13325421 0.16500153]
 [0.30811007 0.29676436 0.18499402 0.16870592 0.04142562]
 [0.29606896 0.04873264 0.23834143 0.15449292 0.26236405]
 [0.24388475 0.27300661 0.04236378 0.01988694 0.42085791]]"
82,"[[0.41179987 0.07847629 0.01492383 0.32946128 0.16533872]
 [0.22687466 0.21195787 0.27496947 0.16299988 0.12319811]
 [0.37166772 0.37094317 0.12940276 0.10917629 0.01881007]
 [0.34811942 0.25864586 0.09536422 0.07917975 0.21869074]
 [0.26433427 0.24465137 0.07992519 0.17400341 0.23708576]]"
83,"[[0.26781444 0.18833928 0.19645624 0.17706804 0.170322  ]
 [0.26472989 0.24663614 0.19783687 0.12890387 0.16189323]
 [0.5053678  0.2184218  0.08315249 0.18097156 0.01208635]
 [0.3156621  0.08863742 0.30645806 0.17026507 0.11897736]
 [0.36612097 0.32802636 0.185737   0.05124451 0.06887116]]"
84,"[[0.30350704 0.03935691 0.24891141 0.26109256 0.14713209]
 [0.31339936 0.30114953 0.05273763 0.29705624 0.03565724]
 [0.55162534 0.20013304 0.09900998 0.07907856 0.07015307]
 [0.38966905 0.37350219 0.11979122 0.05852993 0.05850762]
 [0.2512354  0.32606268 0.23414206 0.09425538 0.09430447]]"
85,"[[0.27502874 0.24221788 0.36925825 0.06239353 0.0511016 ]
 [0.43295975 0.23536087 0.2254989  0.06356972 0.04261075]
 [0.34651501 0.18081324 0.20604465 0.17100596 0.09562114]
 [0.33626196 0.07591668 0.28401642 0.0211164  0.28268853]
 [0.24134818 0.4783341  0.11336025 0.13825032 0.02870714]]"
86,"[[0.39132149 0.19062693 0.14713293 0.16823571 0.10268295]
 [0.39245691 0.24853212 0.22769569 0.07185942 0.05945586]
 [0.25749793 0.18343153 0.28921424 0.09159942 0.17825686]
 [0.41570143 0.06082886 0.46250462 0.05163403 0.00933106]
 [0.19859775 0.2846755  0.28195652 0.07535906 0.15941116]]"
87,"[[0.27021888 0.21120016 0.25253445 0.18459253 0.08145397]
 [0.27129694 0.24174555 0.18519753 0.13863451 0.16312547]
 [0.26971678 0.26766925 0.20121465 0.17527562 0.0861237 ]
 [0.09535037 0.43126725 0.04920532 0.41320141 0.01097565]
 [0.33193818 0.19680651 0.09310484 0.22561214 0.15253834]]"
88,"[[0.30338978 0.23344774 0.1805889  0.1414112  0.14116239]
 [0.30396451 0.28099063 0.22015845 0.1612984  0.03358801]
 [0.38577015 0.30997673 0.21415122 0.08788112 0.00222078]
 [0.31438389 0.2808199  0.06399281 0.20823323 0.13257016]
 [0.18408582 0.59194954 0.18252933 0.02687894 0.01455637]]"
89,"[[0.38322501 0.18230166 0.11570904 0.16213038 0.15663391]
 [0.1821271  0.20322995 0.26800573 0.21275933 0.1338779 ]
 [0.25587329 0.21866305 0.07527877 0.25174906 0.19843583]
 [0.31835229 0.21220928 0.2175899  0.18622032 0.06562821]
 [0.33056499 0.26181244 0.1087301  0.15127283 0.14761965]]"
90,"[[0.32967338 0.29042251 0.05566615 0.23020704 0.09403092]
 [0.26877707 0.20440988 0.17094794 0.1872892  0.16857591]
 [0.25160948 0.248769   0.23451914 0.10950934 0.15559303]
 [0.22547343 0.30760934 0.30763103 0.09887713 0.06040908]
 [0.14753714 0.37384544 0.1209544  0.21625735 0.14140567]]"
91,"[[0.22145285 0.23385604 0.20091706 0.14649691 0.19727713]
 [0.28982146 0.22091027 0.21330955 0.18779799 0.08816072]
 [0.17175302 0.23590157 0.27801307 0.18983954 0.1244928 ]
 [0.29381497 0.2872224  0.2445746  0.08846869 0.08591934]
 [0.39664652 0.20396614 0.13948988 0.12178553 0.13811195]]"
92,"[[0.34469135 0.22651996 0.23426138 0.10365778 0.09086953]
 [0.28237527 0.31875307 0.06973335 0.3137572  0.01538111]
 [0.32099553 0.09505546 0.44743444 0.06164488 0.0748697 ]
 [0.24909697 0.22821649 0.22047061 0.17074727 0.13146865]
 [0.40095735 0.20782441 0.24022954 0.05848087 0.09250782]]"
93,"[[0.21616713 0.23354414 0.33057695 0.01030751 0.20940427]
 [0.35085521 0.33045898 0.19194974 0.03818797 0.0885481 ]
 [0.24157444 0.20550515 0.05700713 0.49167151 0.00424177]
 [0.32712264 0.05635678 0.23990591 0.1513692  0.22524547]
 [0.30288783 0.14616834 0.20398633 0.20795267 0.13900482]]"
94,"[[0.4149876  0.08105033 0.19397411 0.28014812 0.02983983]
 [0.30077341 0.15429128 0.38206846 0.14723222 0.01563462]
 [0.42694216 0.06616854 0.31732579 0.18787165 0.00169186]
 [0.29931349 0.29948809 0.12334425 0.26227452 0.01557964]
 [0.40012092 0.39124116 0.10042737 0.10037131 0.00783924]]"
95,"[[0.23556076 0.22344353 0.22471372 0.21608803 0.10019396]
 [0.21887392 0.33132458 0.40749923 0.02263485 0.01966741]
 [0.33454836 0.18362537 0.13414225 0.01805602 0.329628  ]
 [0.38989544 0.21891293 0.19675439 0.14636861 0.04806863]
 [0.32559145 0.35676866 0.19966041 0.10099946 0.01698002]]"
96,"[[0.21451716 0.26508547 0.0934947  0.31862762 0.10827505]
 [0.23826417 0.19728953 0.22726163 0.20689988 0.13028479]
 [0.29755529 0.05496983 0.18684885 0.27595248 0.18467354]
 [0.31421527 0.31766119 0.06261498 0.30121974 0.00428883]
 [0.18251477 0.13159313 0.22365585 0.35368051 0.10855574]]"
97,"[[0.30360536 0.14779003 0.32150855 0.14872706 0.07836901]
 [0.38654104 0.0667866  0.31170695 0.06195495 0.17301046]
 [0.21622527 0.23956927 0.12073431 0.21618001 0.20729114]
 [0.27387748 0.30319198 0.37268264 0.03783591 0.01241199]
 [0.31108704 0.22699078 0.11791571 0.19851227 0.14549421]]"
98,"[[0.32522233 0.23833644 0.23723561 0.11489871 0.08430691]
 [0.23547598 0.27080198 0.03851502 0.23482137 0.22038565]
 [0.14508183 0.27689773 0.23548626 0.25534481 0.08718938]
 [0.31638675 0.23272145 0.08539164 0.31787961 0.04762056]
 [0.27556839 0.21262475 0.270366   0.2046645  0.03677636]]"
99,"[[0.19328662 0.59885507 0.19184629 0.01466057 0.00135145]
 [0.26977776 0.30039928 0.22477148 0.13682068 0.06823081]
 [0.4090751  0.23176671 0.11046624 0.18933277 0.05935918]
 [0.29107694 0.2873582  0.0364099  0.23175914 0.15339583]
 [0.12590587 0.61999786 0.09723306 0.10450686 0.05235635]]"
100,"[[0.24523506 0.24645234 0.23699764 0.20965063 0.06166432]
 [0.36768749 0.31779012 0.12040057 0.06648604 0.12763578]
 [0.202806   0.16139747 0.15292057 0.1294646  0.35341137]
 [0.38272747 0.27964665 0.00421093 0.31820458 0.01521038]
 [0.23307509 0.2299162  0.22609279 0.14076474 0.17015118]]"
101,"[[0.0939564  0.19812478 0.13644415 0.09008742 0.09684142 0.07673503
  0.06414375 0.05166406 0.15808991 0.03391309]
 [0.20294884 0.1778792  0.1421227  0.10228289 0.07908735 0.08193636
  0.0711935  0.07773846 0.04981468 0.01499603]
 [0.17819805 0.13048326 0.18936568 0.16884414 0.15684578 0.09128695
  0.01926215 0.01587143 0.03467289 0.01516966]
 [0.22790272 0.16803164 0.14895131 0.17656561 0.11866633 0.07702402
  0.0521109  0.02325416 0.00436302 0.0031303 ]
 [0.25957614 0.24062808 0.17796913 0.09080927 0.04488404 0.08736874
  0.05410395 0.00641615 0.00302967 0.03521484]
 [0.13644379 0.11866224 0.16029389 0.13518256 0.13242042 0.06851917
  0.06761392 0.10963482 0.00490968 0.06631951]
 [0.14713564 0.1211305  0.15562273 0.11418168 0.11775935 0.10304767
  0.08349577 0.07125613 0.05660401 0.02976652]
 [0.19032585 0.17122463 0.14773553 0.14890738 0.13367483 0.07107818
  0.04443332 0.05711619 0.02144198 0.01406211]
 [0.15901583 0.22177704 0.21781009 0.14176579 0.11867861 0.00819629
  0.09159097 0.02541983 0.01098748 0.00475807]
 [0.1489914  0.13559927 0.13203577 0.13206438 0.11148025 0.10209812
  0.09946425 0.0364566  0.08336596 0.018444  ]]"
102,"[[1.57256499e-01 2.40823216e-01 1.46575336e-01 1.38203767e-01
  1.08496104e-01 6.02144136e-02 9.59934884e-02 1.91714443e-02
  1.79354561e-02 1.53302758e-02]
 [2.05052919e-01 1.98644104e-01 1.42577789e-01 8.07884774e-02
  1.20768271e-01 7.67795877e-02 7.30116837e-02 2.65278062e-02
  1.48373709e-02 6.10119916e-02]
 [1.52493221e-01 1.74066689e-01 1.20186194e-01 9.48724613e-02
  1.15228783e-01 3.52898400e-03 8.73527443e-02 9.49954174e-02
  1.32647816e-01 2.46276917e-02]
 [2.03694388e-01 1.48888398e-01 1.87873736e-01 1.50393478e-01
  1.43927135e-01 9.31171659e-02 1.78655663e-02 2.78814817e-02
  1.08983139e-04 2.62496675e-02]
 [1.42567032e-01 1.40686465e-01 1.35769029e-01 1.31906517e-01
  1.27631480e-01 1.21419080e-01 8.90626214e-02 4.18759446e-02
  6.66844225e-02 2.39740846e-03]
 [1.79200313e-01 1.77921296e-01 1.17326213e-01 1.89159555e-01
  1.76110301e-01 4.35503997e-03 1.07824828e-01 4.15785523e-02
  4.08851688e-03 2.43538361e-03]
 [1.64347808e-01 1.54261314e-01 1.60296164e-01 8.53021393e-02
  1.44589551e-01 1.17652094e-01 5.73192654e-02 5.98796538e-02
  4.90355712e-02 7.31643846e-03]
 [2.26240899e-01 2.11625118e-01 1.18851936e-01 1.28926466e-01
  9.91458819e-02 5.90840328e-02 2.84259269e-02 4.85688157e-02
  3.54846681e-02 4.36462563e-02]
 [1.82492890e-01 1.60429173e-01 1.79190648e-01 1.05871413e-01
  1.03682030e-01 7.13296994e-02 7.92377544e-02 4.93060885e-02
  4.73868091e-02 2.10734930e-02]
 [1.99708069e-01 1.89209868e-01 1.39870792e-01 1.14631297e-01
  9.21978436e-02 7.77464201e-02 6.41635081e-02 3.71370377e-02
  6.40347492e-02 2.13004150e-02]]"
103,"[[0.17654222 0.13473014 0.17247588 0.10435356 0.16339255 0.0727977
  0.07813431 0.06406336 0.02932442 0.00418586]
 [0.14198447 0.16422235 0.17761391 0.09060049 0.06856648 0.14087762
  0.09617087 0.05375354 0.051216   0.01499427]
 [0.07541333 0.1781812  0.17406479 0.15144502 0.15161307 0.13951274
  0.04870304 0.0368801  0.04188868 0.00229803]
 [0.18248613 0.17203038 0.18107265 0.09613891 0.13277922 0.07129776
  0.05271702 0.04954668 0.03433227 0.02759898]
 [0.14268144 0.20342078 0.14046241 0.19401408 0.08525894 0.08498746
  0.04968033 0.06340717 0.0256307  0.01045668]
 [0.25420455 0.12130135 0.22916943 0.10654558 0.09207432 0.08679574
  0.03480314 0.02936567 0.03821917 0.00752105]
 [0.15531936 0.0985887  0.1434855  0.14667121 0.07808853 0.08252073
  0.11015489 0.08821319 0.02962941 0.06732847]
 [0.14762527 0.12049117 0.13070438 0.12786966 0.10888881 0.10275761
  0.10208424 0.09041913 0.05114296 0.01801676]
 [0.2026706  0.16001857 0.11339837 0.19556413 0.10179163 0.08187771
  0.09081778 0.03028532 0.01185659 0.0117193 ]
 [0.14663996 0.17656454 0.16783486 0.12515222 0.07842927 0.06885732
  0.11227995 0.07394406 0.02254863 0.02774918]]"
104,"[[0.18179012 0.15796378 0.14622202 0.1521925  0.08564801 0.12539409
  0.06669769 0.06148811 0.01245965 0.01014403]
 [0.14978114 0.15859176 0.12109773 0.11494208 0.0998148  0.09379376
  0.00205668 0.08618108 0.03829263 0.13544833]
 [0.14674754 0.14473126 0.12510168 0.12009895 0.10668556 0.10530658
  0.08810064 0.06773223 0.01606062 0.07943495]
 [0.17433915 0.15557584 0.13631642 0.13490105 0.07750182 0.07121398
  0.12594373 0.04749791 0.06339954 0.01331056]
 [0.16282855 0.11222446 0.07586077 0.08391311 0.16303587 0.08022812
  0.00833793 0.0523508  0.14439576 0.11682461]
 [0.15952627 0.13827523 0.12867837 0.12082217 0.04785661 0.1027194
  0.09123412 0.11012896 0.04061224 0.06014663]
 [0.17798409 0.12780245 0.0830366  0.152179   0.11092372 0.05549211
  0.16024633 0.07396199 0.04926525 0.00910846]
 [0.22549764 0.15728271 0.14300022 0.10580103 0.08269711 0.07769075
  0.08015331 0.0361687  0.02837284 0.06333569]
 [0.17399891 0.16285375 0.14560772 0.09735765 0.12613506 0.04115621
  0.0836431  0.07077809 0.06210885 0.03636066]
 [0.20969252 0.14861871 0.25854998 0.03580293 0.07340822 0.14749249
  0.03115821 0.00599001 0.07879569 0.01049125]]"
105,"[[0.14515205 0.15640591 0.13493513 0.1159832  0.11104981 0.11077855
  0.10344162 0.0699992  0.03744402 0.01481051]
 [0.1386356  0.22947373 0.16673595 0.12900008 0.09510964 0.08218974
  0.06927496 0.06193597 0.02516814 0.00247619]
 [0.14504293 0.14032094 0.12937608 0.12101016 0.09785477 0.082032
  0.07116547 0.01997973 0.06058027 0.13263764]
 [0.2015017  0.13726452 0.1069401  0.09540678 0.13047526 0.10530923
  0.05267592 0.08003645 0.04819895 0.04219111]
 [0.16848392 0.1377709  0.16523412 0.0978507  0.20168542 0.08744707
  0.06602716 0.01055817 0.06072759 0.00421495]
 [0.1213728  0.17868884 0.20878865 0.08744338 0.0825227  0.0649407
  0.15876111 0.04558182 0.0432799  0.0086201 ]
 [0.13418854 0.15019207 0.13488394 0.12722903 0.16966666 0.10327544
  0.06043078 0.04865542 0.02567248 0.04580565]
 [0.19371114 0.20036863 0.1569244  0.10889938 0.05362643 0.11424367
  0.09170835 0.04733933 0.0065599  0.02661874]
 [0.1126543  0.17576859 0.16444867 0.15319014 0.0983401  0.04069606
  0.08040927 0.13226351 0.0391779  0.00305146]
 [0.15895774 0.18915369 0.21564286 0.18906752 0.10012026 0.02258098
  0.06341348 0.03106315 0.02121095 0.00878936]]"
106,"[[0.16441056 0.14389084 0.15899846 0.12256651 0.12094578 0.08604487
  0.05496579 0.04806601 0.03229024 0.06782095]
 [0.1622251  0.15452812 0.14224323 0.12686846 0.10655951 0.08196743
  0.08830767 0.0365737  0.06984762 0.03087916]
 [0.16561807 0.15477945 0.11342602 0.1270232  0.15792467 0.09894698
  0.11061655 0.0464078  0.0178051  0.00745215]
 [0.21258031 0.1715339  0.13332429 0.12084289 0.10677188 0.14875586
  0.04885644 0.03965577 0.00985439 0.00782425]
 [0.20770249 0.19886046 0.1463615  0.11819623 0.04141105 0.09521457
  0.03279564 0.01320252 0.03241629 0.11383923]
 [0.19296645 0.18802353 0.15981736 0.15343433 0.07648797 0.12856355
  0.02372482 0.03464184 0.02700499 0.01533516]
 [0.15896838 0.24344313 0.21526184 0.16799097 0.07752397 0.01047263
  0.07396258 0.00642845 0.00030677 0.04564129]
 [0.20202213 0.17067418 0.16287564 0.13069085 0.11110737 0.05537729
  0.07170674 0.00814223 0.05087424 0.03652934]
 [0.15483619 0.14262055 0.11836535 0.12983849 0.12676822 0.09708901
  0.08757261 0.06990904 0.04919352 0.02380703]
 [0.20418796 0.17906729 0.13337911 0.11623811 0.09545513 0.09450959
  0.03442691 0.04685502 0.06039134 0.03548955]]"
107,"[[0.1996886  0.1853733  0.17098967 0.12601773 0.09711752 0.08984203
  0.06802876 0.01840333 0.02440812 0.02013093]
 [0.17030776 0.21440872 0.12262956 0.20813979 0.07614535 0.04366755
  0.06646917 0.04990703 0.03502106 0.013304  ]
 [0.15674257 0.15204838 0.15911851 0.12862564 0.12678155 0.09722474
  0.07709379 0.05989474 0.03785481 0.00461527]
 [0.16692373 0.17089678 0.15470279 0.14368067 0.10729427 0.03449596
  0.0735007  0.08806335 0.03581663 0.02462514]
 [0.12161374 0.21146872 0.15390183 0.11183307 0.08139115 0.09324074
  0.09663486 0.07105411 0.03486132 0.02400045]
 [0.17861032 0.1837089  0.1096718  0.14380105 0.04644838 0.10450017
  0.04517208 0.12737501 0.039191   0.0215213 ]
 [0.1414025  0.16234982 0.14967638 0.11734471 0.08685446 0.06763301
  0.08811725 0.08364416 0.05882402 0.0441537 ]
 [0.20333539 0.14036427 0.16879982 0.12833928 0.13661282 0.08494076
  0.03296495 0.06685102 0.03093979 0.0068519 ]
 [0.17541341 0.1462931  0.18056466 0.1536164  0.16024423 0.0721918
  0.05353504 0.04637011 0.00044772 0.01132353]
 [0.1937691  0.14327769 0.15044995 0.10537078 0.12435195 0.10501423
  0.05943448 0.10444491 0.01033337 0.00355354]]"
108,"[[0.20947516 0.20118272 0.16842845 0.05042126 0.11151549 0.03510161
  0.04581759 0.00902681 0.1189853  0.0500456 ]
 [0.16336756 0.16505041 0.12665165 0.0801033  0.12123484 0.12087444
  0.0917259  0.03071009 0.02998833 0.07029349]
 [0.1753932  0.16045842 0.12035814 0.11495598 0.11055509 0.07731496
  0.07840769 0.01410997 0.10297075 0.04547581]
 [0.16676708 0.13801516 0.10777585 0.10855733 0.14324344 0.12754148
  0.0645233  0.10179707 0.03862743 0.00315187]
 [0.17493873 0.18400095 0.17479106 0.09768713 0.09426228 0.09336949
  0.08134163 0.05192715 0.0307871  0.01689449]
 [0.16629247 0.14474849 0.15170491 0.13799918 0.05910161 0.09808268
  0.05515107 0.05141167 0.09219616 0.04331177]
 [0.14952175 0.13610425 0.14356874 0.13181661 0.08855246 0.0724747
  0.11781883 0.07992687 0.07388706 0.00632874]
 [0.22018824 0.18350314 0.14596176 0.09935174 0.11824467 0.08090754
  0.01880013 0.06061598 0.05277634 0.01965045]
 [0.13831193 0.13564947 0.13102875 0.1137883  0.13184065 0.11203325
  0.10259111 0.01593287 0.10662339 0.01220029]
 [0.27438105 0.22791401 0.21729281 0.08129355 0.05262195 0.06126621
  0.06079931 0.01412835 0.00538677 0.00491598]]"
109,"[[0.20048235 0.19065338 0.14510072 0.11948184 0.01398449 0.16103488
  0.14928966 0.010071   0.00943481 0.00046687]
 [0.21027289 0.21900765 0.09428878 0.16506064 0.09253178 0.10919389
  0.00709621 0.05926689 0.03808191 0.00519937]
 [0.15340756 0.1521938  0.14846679 0.14845659 0.1270816  0.11235605
  0.06969131 0.03460201 0.05210969 0.00163461]
 [0.16094327 0.16044449 0.12552235 0.15303262 0.11452574 0.09902313
  0.05118306 0.08542806 0.04057235 0.00932493]
 [0.16637087 0.17233516 0.15786    0.12562691 0.04867403 0.1180759
  0.10586538 0.03621468 0.03536496 0.03361212]
