1,"[[0.38152287 0.31243899 0.19866353 0.05822111 0.04915349]
 [0.26053639 0.21784255 0.21599099 0.17964725 0.12598282]
 [0.28387285 0.24429705 0.23244853 0.16114176 0.07823981]
 [0.27100006 0.26442419 0.25868078 0.14980058 0.05609439]
 [0.30501068 0.27027352 0.25559101 0.09522405 0.07390074]]"
2,"[[0.27779607 0.27769532 0.25351081 0.12292236 0.06807545]
 [0.38305505 0.26516993 0.23212701 0.06344483 0.05620319]
 [0.33738454 0.24499827 0.20807514 0.15968521 0.04985684]
 [0.30756813 0.30389879 0.26408734 0.07556387 0.04888187]
 [0.37942884 0.3028282  0.19018703 0.08713905 0.04041688]]"
3,"[[0.27168294 0.25844519 0.24504073 0.11680094 0.10803021]
 [0.43850055 0.3600735  0.12733454 0.0434098  0.03068161]
 [0.29061155 0.27896001 0.20846923 0.16658793 0.05537128]
 [0.28731368 0.24381936 0.22214079 0.16891518 0.07781099]
 [0.25563988 0.25142423 0.23180725 0.2009256  0.06020304]]"
4,"[[0.28739663 0.23627144 0.22929156 0.22922134 0.01781903]
 [0.27279303 0.21984603 0.20465653 0.18935425 0.11335017]
 [0.26188616 0.25056841 0.23372138 0.21939016 0.03443389]
 [0.3066864  0.27901239 0.2712769  0.1173344  0.02568991]
 [0.31072368 0.22405222 0.20122218 0.15622421 0.10777771]]"
5,"[[0.26015081 0.25347011 0.2531297  0.14347706 0.08977231]
 [0.34115419 0.26271274 0.21116401 0.10329392 0.08167513]
 [0.38599947 0.32102199 0.17058635 0.1025892  0.01980298]
 [0.40666454 0.2506986  0.13850169 0.13176898 0.07236619]
 [0.36658973 0.19496448 0.17472771 0.1407233  0.12299478]]"
6,"[[0.29599838 0.27947912 0.16222483 0.14427901 0.11801866]
 [0.33595115 0.30187967 0.15327855 0.13425731 0.07463333]
 [0.26966471 0.25909629 0.24362386 0.15320307 0.07441208]
 [0.35392993 0.29683433 0.17582754 0.14266106 0.03074713]
 [0.42939159 0.29785876 0.19332379 0.07022673 0.00919913]]"
7,"[[0.32025153 0.25729069 0.16474049 0.12995658 0.12776071]
 [0.40046183 0.23069505 0.20488583 0.12692937 0.03702793]
 [0.27677302 0.26632533 0.23150923 0.18800034 0.03739209]
 [0.40871017 0.30304438 0.24242248 0.03868007 0.0071429 ]
 [0.26532941 0.25599377 0.24543693 0.22436326 0.00887663]]"
8,"[[0.2825924  0.2874421  0.27955668 0.09422219 0.05618664]
 [0.30186268 0.2770243  0.20085214 0.148098   0.07216288]
 [0.49908273 0.21995616 0.18248701 0.07015809 0.028316  ]
 [0.25116069 0.23379466 0.22803823 0.20076883 0.08623759]
 [0.37617747 0.25340046 0.21741305 0.11261306 0.04039596]]"
9,"[[0.31042869 0.28177142 0.20408209 0.10915119 0.0945666 ]
 [0.32629435 0.31923081 0.27927991 0.0746245  0.00057042]
 [0.39757707 0.34328424 0.16875181 0.0854261  0.00496079]
 [0.44963395 0.39194518 0.10819024 0.04600359 0.00422704]
 [0.32039772 0.19275427 0.1844221  0.15836675 0.14405916]]"
10,"[[3.47041952e-01 2.85124815e-01 2.73096414e-01 9.43993505e-02
  3.37469251e-04]
 [2.82707620e-01 2.30397917e-01 2.19918837e-01 2.00906542e-01
  6.60690836e-02]
 [3.64715693e-01 2.64557127e-01 2.07159064e-01 1.38068557e-01
  2.54995604e-02]
 [5.26943735e-01 3.08519830e-01 1.22268756e-01 2.24874444e-02
  1.97802346e-02]
 [4.43044146e-01 2.43372865e-01 1.98244006e-01 1.04381094e-01
  1.09578891e-02]]"
11,"[[0.44005154 0.24461967 0.18240171 0.09489341 0.03803368]
 [0.44605683 0.2520543  0.1136996  0.11298378 0.07520549]
 [0.32339438 0.21836147 0.2102263  0.20841971 0.03959814]
 [0.36925659 0.2930339  0.24289491 0.0617267  0.03308791]
 [0.37583845 0.32214018 0.22337161 0.0693916  0.00925816]]"
12,"[[0.26939591 0.25958644 0.19614354 0.19375867 0.08111544]
 [0.29839532 0.26053035 0.21424351 0.12741635 0.09941447]
 [0.41672775 0.35002155 0.14248952 0.06735207 0.02340911]
 [0.34516731 0.21580625 0.18630743 0.15396417 0.09875484]
 [0.38859979 0.29912164 0.2484626  0.04232683 0.02148913]]"
13,"[[0.23417213 0.20761188 0.20568717 0.19289872 0.1596301 ]
 [0.3425653  0.311375   0.12725435 0.12383379 0.09497155]
 [0.35783371 0.33120613 0.2251694  0.0797885  0.00600226]
 [0.3220457  0.24878198 0.21759947 0.18517636 0.02639649]
 [0.37534942 0.23122427 0.19510968 0.14134681 0.05696983]]"
14,"[[0.2955432  0.25845126 0.23493307 0.1129529  0.09811956]
 [0.44410293 0.31538254 0.13966451 0.08857809 0.01227193]
 [0.51058139 0.25348051 0.14748909 0.05914075 0.02930826]
 [0.29298636 0.22008823 0.19016659 0.18737519 0.10938363]
 [0.27994917 0.25686836 0.23106722 0.12511479 0.10700045]]"
15,"[[0.32166294 0.29277655 0.16640077 0.14735838 0.07180135]
 [0.36541654 0.3348863  0.18308929 0.07421891 0.04238896]
 [0.28235949 0.25477089 0.24906198 0.14809309 0.06571455]
 [0.33588215 0.26244623 0.25302148 0.08073947 0.06791067]
 [0.32573768 0.28262773 0.25734934 0.09987596 0.0344093 ]]"
16,"[[0.27555282 0.27069132 0.26606132 0.12657002 0.06112452]
 [0.33989572 0.33385953 0.15652748 0.15332555 0.01639173]
 [0.35579197 0.27415171 0.18580047 0.16899053 0.0152653 ]
 [0.23576894 0.22122332 0.21298658 0.16540669 0.16461448]
 [0.29981695 0.29580303 0.20133079 0.1665281  0.03652113]]"
17,"[[0.29217405 0.2349081  0.2179532  0.15319813 0.10176653]
 [0.30378684 0.21975751 0.21468313 0.14417996 0.11759256]
 [0.27882743 0.27111592 0.21638776 0.132161   0.10150789]
 [0.36111236 0.33447304 0.22077116 0.06123142 0.02241202]
 [0.38741632 0.33377716 0.17221933 0.06267115 0.04391604]]"
18,"[[0.45799346 0.29755715 0.13602973 0.10543072 0.00298894]
 [0.23888903 0.2252034  0.21498645 0.16621599 0.15470513]
 [0.35434526 0.23531778 0.2074013  0.17917968 0.02375598]
 [0.31186962 0.22647862 0.20811913 0.12808923 0.12544339]
 [0.28058309 0.27397674 0.2414747  0.13276674 0.07119872]]"
19,"[[0.37446138 0.34621383 0.22453611 0.04256544 0.01222325]
 [0.40567214 0.28741527 0.18066564 0.10803993 0.01820701]
 [0.42738872 0.33549223 0.10594393 0.08593012 0.04524499]
 [0.37173469 0.32819182 0.23259439 0.05631418 0.01116491]
 [0.36409446 0.20613481 0.16599459 0.1325727  0.13120344]]"
20,"[[0.39686972 0.20076622 0.16087115 0.15096928 0.09052362]
 [0.26495162 0.23445534 0.2208971  0.18848354 0.0912124 ]
 [0.39894625 0.3397577  0.12178445 0.12731114 0.01220047]
 [0.31535235 0.25790545 0.23951827 0.09550163 0.0917223 ]
 [0.33559896 0.28235941 0.26457033 0.09740241 0.02006889]]"
21,"[[0.38724752 0.29282969 0.250553   0.04199607 0.02737371]
 [0.26125444 0.24702375 0.19343929 0.17482415 0.12345837]
 [0.59088295 0.25263191 0.08485155 0.04954892 0.02208467]
 [0.34557073 0.25687715 0.21284507 0.12258696 0.06212008]
 [0.32045475 0.27820827 0.21810207 0.10635233 0.07688258]]"
22,"[[0.30561459 0.29346468 0.28131963 0.07199471 0.04760639]
 [0.28892662 0.263012   0.21130829 0.12488377 0.11186931]
 [0.35821989 0.21565019 0.19152167 0.12055074 0.11405751]
 [0.22414374 0.2175143  0.19234753 0.18995462 0.17603981]
 [0.26567488 0.24302247 0.24139313 0.21990346 0.03000607]]"
23,"[[0.42346182 0.27193608 0.17243293 0.09594935 0.03621983]
 [0.40606916 0.27075263 0.12856323 0.11469925 0.07991573]
 [0.34566848 0.31564634 0.20682588 0.10247062 0.02938868]
 [0.34689122 0.30932253 0.23791658 0.09211404 0.01375563]
 [0.3424715  0.19505183 0.19156423 0.13962329 0.13128916]]"
24,"[[0.22780798 0.21226681 0.20961312 0.19668327 0.15362883]
 [0.3529097  0.33157765 0.28935698 0.02560935 0.00054631]
 [0.33074993 0.24506746 0.16903138 0.14773232 0.10741891]
 [0.35821294 0.26795616 0.24319019 0.12633896 0.00430175]
 [0.40929296 0.378964   0.15252182 0.05346093 0.00576029]]"
25,"[[0.43021706 0.20846276 0.16813681 0.16017116 0.03301221]
 [0.39179646 0.34910266 0.1580172  0.05232394 0.04875974]
 [0.34064469 0.29749121 0.15131791 0.11384215 0.09670403]
 [0.29596169 0.2203092  0.21464869 0.18263864 0.08644177]
 [0.44466791 0.23687264 0.14433492 0.08910516 0.08501936]]"
26,"[[0.25449217 0.24336823 0.17600588 0.16865622 0.15747749]
 [0.30515374 0.27012011 0.1646125  0.16258831 0.09752534]
 [0.35068979 0.30653798 0.17786338 0.11476001 0.05014884]
 [0.3243493  0.30023886 0.28235125 0.06927931 0.02378129]
 [0.31284591 0.3011785  0.2097631  0.11264123 0.06357126]]"
27,"[[0.24742757 0.23059518 0.20152152 0.17472003 0.14573571]
 [0.32455751 0.30640412 0.19178959 0.15844523 0.01880354]
 [0.33060114 0.21913417 0.1944277  0.14823581 0.10760118]
 [0.41047881 0.33243424 0.24379645 0.00859907 0.00469143]
 [0.40454871 0.32924216 0.20375025 0.04639525 0.01606363]]"
28,"[[0.3677597  0.2230852  0.19886387 0.11527532 0.09501591]
 [0.3248525  0.30954713 0.17226757 0.14691639 0.04641642]
 [0.3729061  0.27336876 0.18532674 0.09351406 0.07488434]
 [0.49972223 0.32915648 0.10370532 0.05551743 0.01189855]
 [0.62287205 0.21570321 0.13258561 0.01465984 0.01417929]]"
29,"[[0.29094578 0.28338734 0.23504606 0.09837743 0.09224339]
 [0.56461792 0.28788649 0.06136259 0.05245936 0.03367364]
 [0.49169701 0.22623919 0.13310698 0.11918789 0.02976894]
 [0.299856   0.25048635 0.20054238 0.16135763 0.08775764]
 [0.29411608 0.20507583 0.19258444 0.17307691 0.13514674]]"
30,"[[4.04273897e-01 1.98224956e-01 1.65630252e-01 1.54025606e-01
  7.78452894e-02]
 [3.33916696e-01 1.86237529e-01 1.66007372e-01 1.61247929e-01
  1.52590473e-01]
 [2.98988214e-01 3.63590171e-01 1.75061314e-01 1.62187614e-01
  1.72686816e-04]
 [3.75691772e-01 3.55416543e-01 2.27034350e-01 3.47901814e-02
  7.06715334e-03]
 [5.35252131e-01 2.39508399e-01 1.96822038e-01 2.47590816e-02
  3.65835040e-03]]"
31,"[[0.29546655 0.23331491 0.21449214 0.15127639 0.10545001]
 [0.28506746 0.26588042 0.23566834 0.17177523 0.04160854]
 [0.29902218 0.2666617  0.26593978 0.10608757 0.06228878]
 [0.30232224 0.25968487 0.21870479 0.19430489 0.0249832 ]
 [0.36387063 0.28599952 0.15335424 0.14254352 0.05423209]]"
32,"[[0.36050373 0.25406108 0.17536734 0.13153418 0.07853367]
 [0.28257859 0.24964031 0.24458153 0.17178738 0.0514122 ]
 [0.33933045 0.257775   0.1795099  0.11712078 0.10626387]
 [0.32932634 0.30170145 0.27652788 0.04647374 0.0459706 ]
 [0.30107833 0.26387972 0.22757466 0.19643318 0.01103411]]"
33,"[[0.28324631 0.26734364 0.24559122 0.15465895 0.04915989]
 [0.27591857 0.27139735 0.25409978 0.13951583 0.05906847]
 [0.25229202 0.23426143 0.2178827  0.15888496 0.13667889]
 [0.35242018 0.34426788 0.15673363 0.08803216 0.05854615]
 [0.29687316 0.23977829 0.19563573 0.18263681 0.08507601]]"
34,"[[0.34345584 0.27385529 0.20463483 0.14573582 0.03231821]
 [0.36329536 0.30657637 0.17670454 0.11518772 0.03823601]
 [0.51981554 0.31453998 0.11591432 0.03118607 0.01854409]
 [0.31389209 0.27103939 0.26243144 0.12643751 0.02619957]
 [0.28505273 0.23885348 0.20876448 0.15838786 0.10894146]]"
35,"[[0.38457381 0.34613975 0.20568621 0.03464653 0.0289537 ]
 [0.36391407 0.21347257 0.16482385 0.15660548 0.10118403]
 [0.29888286 0.25050318 0.2149091  0.18294263 0.05276223]
 [0.34535435 0.22895362 0.21413289 0.15092387 0.06063526]
 [0.26634124 0.25753701 0.23565796 0.17396983 0.06649396]]"
36,"[[0.30658566 0.27576713 0.19550911 0.19044675 0.03169135]
 [0.57752507 0.19567153 0.16431751 0.03612602 0.02635988]
 [0.29069936 0.25963147 0.22444135 0.19192269 0.03330514]
 [0.26792181 0.2622474  0.1971041  0.15843799 0.11428869]
 [0.39136594 0.22909024 0.20646087 0.12765758 0.04542537]]"
37,"[[0.33090644 0.31088466 0.237296   0.06524314 0.05566975]
 [0.37268594 0.36389486 0.10380225 0.0843852  0.07523174]
 [0.26972395 0.23632953 0.17658752 0.14401155 0.17334744]
 [0.31299114 0.29208202 0.27650139 0.1156005  0.00282495]
 [0.43433582 0.43021872 0.05650692 0.04610735 0.03283119]]"
38,"[[0.3528151  0.35022151 0.15845915 0.13155751 0.00694672]
 [0.27979333 0.25734599 0.20257334 0.14762735 0.11265998]
 [0.3251136  0.275445   0.21794646 0.13991742 0.04157752]
 [0.25197372 0.24248825 0.18158208 0.16601749 0.15793846]
 [0.55507711 0.29694559 0.07717956 0.06546475 0.00533299]]"
39,"[[0.47092093 0.19191216 0.17806545 0.10783065 0.05127079]
 [0.3668131  0.28347816 0.16289251 0.11242151 0.07439471]
 [0.38256096 0.37366405 0.14502628 0.07996433 0.01878437]
 [0.35286815 0.30495228 0.1963807  0.10521819 0.04058068]
 [0.33306326 0.31687357 0.28533114 0.04792206 0.01680997]]"
40,"[[0.39834816 0.24898163 0.22343841 0.12820794 0.00102385]
 [0.40997569 0.34892804 0.11608861 0.08960813 0.03539952]
 [0.30384269 0.29231214 0.19564739 0.11037011 0.09782767]
 [0.42734685 0.30071691 0.25664804 0.01222874 0.00305946]
 [0.43601601 0.30686497 0.1375738  0.07867708 0.04086813]]"
41,"[[0.21734826 0.21301509 0.20281189 0.20124853 0.16557622]
 [0.41301738 0.2398356  0.23073706 0.06061155 0.05579841]
 [0.38855683 0.32577172 0.19582206 0.05781797 0.03203143]
 [0.34425556 0.32803004 0.1770878  0.12701931 0.0236073 ]
 [0.38551613 0.36925236 0.15457224 0.04541119 0.04524809]]"
42,"[[0.39974991 0.17943093 0.16886539 0.16976833 0.08218544]
 [0.44212424 0.31603122 0.15948358 0.06135946 0.02100151]
 [0.27785031 0.2661362  0.22972326 0.1335366  0.09275363]
 [0.33717964 0.28330956 0.24446049 0.06943216 0.06561815]
 [0.39644162 0.30503457 0.20571923 0.07887437 0.01393022]]"
43,"[[0.29078542 0.25342398 0.22408884 0.21316829 0.01853347]
 [0.4056462  0.27660093 0.13575309 0.11358735 0.06841243]
 [0.40756945 0.36027145 0.2066554  0.01803552 0.00746817]
 [0.30988482 0.22548779 0.17692122 0.15549877 0.1322074 ]
 [0.35269952 0.23525534 0.22381354 0.12551555 0.06271605]]"
44,"[[0.27984389 0.26208968 0.2461638  0.20865621 0.00324641]
 [0.28086353 0.23960291 0.23355693 0.12510556 0.12087107]
 [0.341964   0.21230911 0.20414519 0.17476465 0.06681705]
 [0.37847063 0.35102959 0.23418376 0.02709819 0.00921783]
 [0.28945067 0.28302605 0.2639971  0.0912198  0.07230638]]"
45,"[[0.3347582  0.2809441  0.24712757 0.10949743 0.0276727 ]
 [0.32174441 0.21644411 0.21458575 0.18692325 0.06030248]
 [0.32298221 0.31775028 0.31675001 0.04122022 0.00129728]
 [0.32788755 0.21421768 0.20578487 0.19038698 0.06172291]
 [0.35947926 0.35058209 0.13191387 0.12192105 0.03610373]]"
46,"[[0.2635309  0.25404237 0.19283103 0.1818193  0.10777641]
 [0.34361033 0.32880656 0.15252583 0.11375468 0.06130261]
 [0.37585702 0.24685759 0.19163773 0.15811846 0.02752921]
 [0.32978883 0.26918839 0.22544153 0.16618678 0.00939447]
 [0.26020144 0.2127137  0.19838965 0.17655682 0.15213839]]"
47,"[[0.43219809 0.27345239 0.17480209 0.07889265 0.04065477]
 [0.41209608 0.25679031 0.13009315 0.10482077 0.09619968]
 [0.35652275 0.32418509 0.17483441 0.1276485  0.01680926]
 [0.34433585 0.33521282 0.25099778 0.06522053 0.00423302]
 [0.341353   0.28742671 0.1662221  0.15845871 0.04653948]]"
48,"[[0.48871    0.2762603  0.1634896  0.06488479 0.00665531]
 [0.38222744 0.3263097  0.12417731 0.12287678 0.04440878]
 [0.34377865 0.2508328  0.21946993 0.09940329 0.08651533]
 [0.51840838 0.2373209  0.14468721 0.05828487 0.04129864]
 [0.37636411 0.3583531  0.21325319 0.03018132 0.02184827]]"
49,"[[0.34083848 0.31296137 0.2273669  0.05968251 0.05915074]
 [0.32953451 0.26807704 0.24548021 0.11219669 0.04471155]
 [0.27556624 0.25508905 0.18384248 0.14713027 0.13837196]
 [0.46602415 0.41081413 0.06457775 0.05013332 0.00845064]
 [0.41408399 0.20819119 0.19035352 0.1156411  0.07173021]]"
50,"[[0.37072601 0.31025856 0.12458507 0.12278684 0.07164351]
 [0.44164419 0.18695473 0.16199547 0.15479969 0.05460591]
 [0.27110003 0.24927583 0.23483365 0.19351319 0.0512773 ]
 [0.30762626 0.28841411 0.19009117 0.18966909 0.02419937]
 [0.47501729 0.20351529 0.16391701 0.08482565 0.07272476]]"
51,"[[0.29904333 0.25772468 0.22522296 0.21600052 0.00200851]
 [0.34883809 0.21978056 0.21964073 0.20716164 0.00457897]
 [0.41948363 0.28012446 0.13811594 0.10980529 0.05247067]
 [0.354966   0.28265947 0.22292836 0.09969108 0.03975509]
 [0.26948165 0.25413486 0.23572164 0.16567799 0.07498386]]"
52,"[[0.35131824 0.29917918 0.17406782 0.16312329 0.01231147]
 [0.31071345 0.23829188 0.18926074 0.14149167 0.12024226]
 [0.28272834 0.2650391  0.22196449 0.17187898 0.05838909]
 [0.3613783  0.31962773 0.21005881 0.05760235 0.05133281]
 [0.26005376 0.25237791 0.24224749 0.2250249  0.02029594]]"
53,"[[0.33494934 0.30176548 0.13965455 0.11551578 0.10811485]
 [0.31874432 0.24201526 0.18439622 0.1472163  0.1076279 ]
 [0.36887826 0.32507485 0.23795215 0.04744414 0.02065059]
 [0.35836746 0.41969701 0.11072785 0.05970485 0.05150284]
 [0.26414695 0.22668234 0.18735191 0.17361443 0.14820437]]"
54,"[[0.41655819 0.26631117 0.12       0.09879441 0.09833624]
 [0.33784211 0.31334156 0.15398414 0.14544537 0.04938682]
 [0.29944385 0.27329559 0.22746364 0.11715091 0.08264601]
 [0.33760426 0.26004033 0.23169175 0.09239634 0.07826732]
 [0.3518124  0.20444353 0.1950195  0.17367766 0.0750469 ]]"
55,"[[0.25323267 0.24053172 0.23946949 0.15334711 0.113419  ]
 [0.32961534 0.25312951 0.21724847 0.1267988  0.07320788]
 [0.37949954 0.2933947  0.17620412 0.12520323 0.02569841]
 [0.32293382 0.21490225 0.20736934 0.14741468 0.10737992]
 [0.42493294 0.2778359  0.22318955 0.04914549 0.02489612]]"
56,"[[0.33921918 0.27358264 0.17569834 0.13475267 0.07674717]
 [0.35074032 0.30370154 0.15974566 0.14971667 0.0360958 ]
 [0.36030859 0.26142348 0.2460741  0.08534309 0.04685074]
 [0.27946573 0.50050725 0.13196156 0.04554124 0.04252421]
 [0.37131443 0.23665445 0.20681841 0.14974413 0.03546859]]"
57,"[[0.41759357 0.34010572 0.18522088 0.04384265 0.01323718]
 [0.33823626 0.297117   0.26433708 0.07341036 0.02689931]
 [0.23894795 0.23836652 0.22078204 0.15110535 0.15079814]
 [0.3251686  0.31208526 0.19860526 0.08624329 0.0778976 ]
 [0.30081711 0.272746   0.21404372 0.13748302 0.07491015]]"
58,"[[0.30693243 0.29819946 0.23110302 0.1468237  0.0169414 ]
 [0.38173085 0.26500398 0.20134225 0.12844382 0.0234791 ]
 [0.26963266 0.22693768 0.20766121 0.17276956 0.12299888]
 [0.24630943 0.22108789 0.21770613 0.16251958 0.15237698]
 [0.29768144 0.26619856 0.25635671 0.15141096 0.02835233]]"
59,"[[0.31054425 0.26188474 0.21081688 0.13589455 0.08085958]
 [0.36871296 0.28691216 0.23127365 0.08691854 0.02618269]
 [0.48419159 0.35177915 0.11351625 0.02764419 0.02286882]
 [0.44474003 0.31783277 0.1988491  0.02713444 0.01144365]
 [0.27772499 0.24224207 0.23059374 0.22757234 0.02186686]]"
60,"[[0.27287253 0.26515022 0.20496439 0.14077467 0.11623819]
 [0.29866559 0.20558255 0.19311685 0.17690364 0.12573137]
 [0.27648257 0.21149486 0.19413133 0.17036197 0.14752927]
 [0.2693038  0.20836206 0.20528583 0.20082668 0.11622163]
 [0.35740881 0.32541869 0.16093032 0.11649598 0.03974619]]"
61,"[[0.45796502 0.2951138  0.10685639 0.0771712  0.06289359]
 [0.3586745  0.26254887 0.15681218 0.1443271  0.07763735]
 [0.27197999 0.22138033 0.20799436 0.17447849 0.12416683]
 [0.31316345 0.29722006 0.16369397 0.11435045 0.11157207]
 [0.27382599 0.26140477 0.21795928 0.18432186 0.0624881 ]]"
62,"[[0.31697514 0.26806796 0.17496944 0.17241283 0.06757463]
 [0.34276726 0.20248776 0.16824246 0.16330279 0.12319973]
 [0.3794378  0.32932251 0.13871847 0.12122891 0.03129231]
 [0.3137519  0.27646177 0.21277288 0.12068803 0.07632542]
 [0.30580695 0.27749057 0.1547169  0.1510925  0.11089307]]"
63,"[[0.3279158  0.26024961 0.23906007 0.10145955 0.07131496]
 [0.31805359 0.27935647 0.24204487 0.10135642 0.05918865]
 [0.2946977  0.29140187 0.26634269 0.05402477 0.09353297]
 [0.35350066 0.30874639 0.20430494 0.08530168 0.04814633]
 [0.33941354 0.33026487 0.25845967 0.0538417  0.01802022]]"
64,"[[0.27793891 0.2168953  0.1738945  0.17172882 0.15954248]
 [0.35114725 0.24210947 0.17866314 0.14671071 0.08136943]
 [0.32393167 0.24555787 0.24131261 0.12218526 0.0670126 ]
 [0.26580627 0.22041185 0.19225833 0.16356414 0.15795941]
 [0.365446   0.31252223 0.27029941 0.03876992 0.01296244]]"
65,"[[0.44366535 0.21573684 0.19588739 0.07630767 0.06840274]
 [0.57472084 0.30504817 0.06252701 0.03035989 0.02734409]
 [0.31798004 0.20824055 0.2080217  0.18490799 0.08084973]
 [0.38527756 0.26102477 0.21599212 0.07125283 0.06645272]
 [0.38379023 0.30812723 0.13014828 0.09806123 0.07987303]]"
66,"[[0.32843564 0.3189692  0.17201694 0.09691752 0.0836607 ]
 [0.27985579 0.27411163 0.1830242  0.14610115 0.11690722]
 [0.39887266 0.27617288 0.1814633  0.09784894 0.04564223]
 [0.34366995 0.32554325 0.22130658 0.08413407 0.02534616]
 [0.29456656 0.27767437 0.14675475 0.14233748 0.13866684]]"
67,"[[0.34380453 0.30627714 0.23472394 0.08220442 0.03298997]
 [0.4241203  0.2286799  0.1790646  0.14332395 0.02481124]
 [0.32564213 0.25848709 0.1671425  0.1564228  0.09230548]
 [0.37870772 0.28900147 0.1989772  0.11752375 0.01578986]
 [0.37599472 0.21139272 0.18842116 0.18508894 0.03910247]]"
68,"[[0.36632071 0.30516961 0.15927767 0.12951696 0.03971505]
 [0.35842536 0.23295437 0.18261149 0.17798528 0.0480235 ]
 [0.33083763 0.28280725 0.22629872 0.12760706 0.03244933]
 [0.32998894 0.20858424 0.18128053 0.15188539 0.1282609 ]
 [0.42697613 0.39657093 0.1050821  0.04368749 0.02768334]]"
69,"[[0.3132681  0.30231345 0.2639035  0.08742036 0.03309458]
 [0.61145766 0.25041701 0.12676218 0.00989    0.00147314]
 [0.25565022 0.24234857 0.22534161 0.16842547 0.10823413]
 [0.27543808 0.2294366  0.22829467 0.15252447 0.11430618]
 [0.25114625 0.25036373 0.23622442 0.22703369 0.03523192]]"
70,"[[0.44961505 0.35565394 0.09110586 0.08122563 0.02239953]
 [0.35856622 0.2123168  0.20010461 0.18850101 0.04051136]
 [0.46109261 0.18871348 0.18554927 0.13950286 0.02514178]
 [0.41450014 0.28269295 0.13292371 0.13091742 0.03896579]
 [0.37717996 0.28749062 0.25068984 0.07283934 0.01180024]]"
71,"[[0.23556043 0.22073966 0.21890014 0.17262534 0.15217443]
 [0.38598823 0.29083669 0.11495806 0.111347   0.09687002]
 [0.33895081 0.19147091 0.18599898 0.17260069 0.11097861]
 [0.37662821 0.342919   0.17935278 0.0663202  0.03477982]
 [0.26504112 0.24976713 0.23024061 0.19182642 0.06312472]]"
72,"[[0.37298458 0.27050036 0.25540238 0.09285824 0.00825445]
 [0.3369416  0.24730416 0.18188158 0.17147937 0.06239329]
 [0.33830864 0.2499728  0.1624627  0.15475791 0.09449795]
 [0.38281591 0.27989813 0.22695049 0.08435839 0.02597708]
 [0.4276617  0.40628131 0.14408004 0.01596916 0.00600779]]"
73,"[[0.30606624 0.23332059 0.15857438 0.15174784 0.15029095]
 [0.48730262 0.27242449 0.10856554 0.08122076 0.05048661]
 [0.35035382 0.32476888 0.14397328 0.09829995 0.08260408]
 [0.29814296 0.26623306 0.23094811 0.19330443 0.01137144]
 [0.29625137 0.25365274 0.25358625 0.1162962  0.08021343]]"
74,"[[0.3244323  0.26832998 0.21471167 0.15280367 0.03972237]
 [0.52434679 0.27160016 0.15217052 0.03436056 0.01752197]
 [0.30393014 0.27422174 0.1836002  0.13403114 0.10421679]
 [0.35135507 0.24710921 0.23655306 0.10863923 0.05634343]
 [0.2989015  0.28088095 0.27712132 0.12692433 0.01617191]]"
75,"[[0.39675161 0.34033933 0.15521678 0.07397223 0.03372006]
 [0.4035424  0.25830906 0.21424837 0.1195361  0.00436407]
 [0.27954323 0.26426857 0.23608362 0.20360421 0.01650037]
 [0.34228784 0.28042693 0.14383944 0.14231058 0.09113521]
 [0.25534682 0.23241488 0.2232145  0.19148715 0.09753666]]"
76,"[[0.26212904 0.21470533 0.1838114  0.17134329 0.16801093]
 [0.36232073 0.22404138 0.19042904 0.13197048 0.09123836]
 [0.28608541 0.26645974 0.22416188 0.1270222  0.09627077]
 [0.27383961 0.26400652 0.2086763  0.1594732  0.09400437]
 [0.38722637 0.20291561 0.1979603  0.12191524 0.08998248]]"
77,"[[0.43708073 0.18933667 0.18333537 0.12623871 0.06400852]
 [0.28308174 0.26566521 0.23148614 0.1777135  0.0420534 ]
 [0.2458057  0.24327796 0.2302177  0.14360664 0.137092  ]
 [0.33553029 0.31614271 0.27252951 0.05482952 0.02096797]
 [0.30142305 0.27341828 0.1865864  0.15450615 0.08406612]]"
78,"[[0.46860199 0.28679138 0.17237944 0.04971276 0.02251443]
 [0.32190275 0.28909449 0.16544988 0.15408392 0.06946895]
 [0.33278751 0.20729652 0.20064422 0.17446699 0.08480475]
 [0.30959033 0.23862682 0.21688586 0.17849814 0.05639886]
 [0.42401321 0.20528753 0.19717397 0.15074007 0.02278522]]"
79,"[[0.37638094 0.2101208  0.20674453 0.18457549 0.02217824]
 [0.24557508 0.23604081 0.20910133 0.20072341 0.10855936]
 [0.33618723 0.28984332 0.19282364 0.1022826  0.07886321]
 [0.37666992 0.26437205 0.16053086 0.10300462 0.09542254]
 [0.2879666  0.23959092 0.20481448 0.14036917 0.12725883]]"
80,"[[0.24805113 0.24605665 0.22350912 0.15524186 0.12714123]
 [0.41508533 0.18946148 0.16391868 0.13668059 0.09485392]
 [0.34467088 0.25424579 0.18655767 0.17125493 0.04327073]
 [0.30160448 0.21806997 0.20720379 0.16776563 0.10535614]
 [0.23278389 0.28341501 0.21479066 0.19240025 0.07661017]]"
81,"[[0.47894714 0.32728848 0.09905062 0.0526222  0.04209157]
 [0.46918704 0.25058914 0.21202188 0.04071717 0.02748477]
 [0.37707202 0.25916234 0.14082354 0.11902648 0.10391562]
 [0.34012774 0.28487372 0.14189694 0.12099639 0.11210521]
 [0.38225633 0.27024397 0.18837995 0.11092213 0.04819762]]"
82,"[[0.28720223 0.24431601 0.21396404 0.16466736 0.08985036]
 [0.27163682 0.21917838 0.2171065  0.20494976 0.08712853]
 [0.37870583 0.36090206 0.23754205 0.01667457 0.00617549]
 [0.30609311 0.30272835 0.16481657 0.1322057  0.09415627]
 [0.35271969 0.27451189 0.17586662 0.1668395  0.0300623 ]]"
83,"[[0.3453963  0.2403591  0.19933868 0.12209725 0.09280867]
 [0.37374981 0.33546893 0.22182302 0.0579373  0.01102094]
 [0.37377439 0.33493914 0.18750284 0.08431845 0.01946518]
 [0.47142241 0.36340319 0.09013522 0.04393109 0.03110809]
 [0.5857022  0.1554994  0.10862682 0.10755226 0.04261932]]"
84,"[[0.37596456 0.24692512 0.19750596 0.13999692 0.03960743]
 [0.46770507 0.20559563 0.18080115 0.08040957 0.06548858]
 [0.35616522 0.24354375 0.21765567 0.16829627 0.01433909]
 [0.40074768 0.25571215 0.21002954 0.07367597 0.05983467]
 [0.43965454 0.26817498 0.12368801 0.08698966 0.08149282]]"
85,"[[0.38675881 0.21841626 0.19160249 0.11825201 0.08497043]
 [0.3009403  0.23863179 0.21456701 0.15145476 0.09440614]
 [0.36147576 0.25353085 0.22613833 0.11856559 0.04028947]
 [0.43039799 0.29676723 0.15030859 0.06856321 0.05396297]
 [0.29064371 0.24762212 0.20751795 0.19389424 0.06032197]]"
86,"[[0.32266922 0.27190567 0.21737019 0.16796139 0.02009352]
 [0.36262099 0.28515988 0.20020086 0.09845388 0.05356438]
 [0.27022294 0.25493073 0.217054   0.13966061 0.11813172]
 [0.486897   0.26245701 0.13379461 0.0716173  0.04523408]
 [0.30152329 0.292098   0.21876512 0.09873487 0.08887872]]"
87,"[[0.40556717 0.30832985 0.21354464 0.04227987 0.03027847]
 [0.23697394 0.23649998 0.22527797 0.22126239 0.07998572]
 [0.40524733 0.37544966 0.20241568 0.01227336 0.00461397]
 [0.3700695  0.32667009 0.27849212 0.01911074 0.00565755]
 [0.44789539 0.18759254 0.15420216 0.15165176 0.05865815]]"
88,"[[0.28642034 0.2623314  0.20109141 0.13389282 0.11626403]
 [0.32482478 0.25106897 0.16101368 0.1381891  0.12490348]
 [0.40008232 0.37720732 0.10189497 0.1002993  0.02051609]
 [0.32368767 0.3102195  0.25469542 0.09146547 0.01993195]
 [0.35982956 0.27785569 0.19915878 0.12181464 0.04134134]]"
89,"[[0.23597246 0.22918885 0.20724808 0.1790203  0.14857031]
 [0.28567684 0.24869013 0.21113267 0.2186673  0.03583307]
 [0.43257698 0.2771925  0.21208986 0.06976765 0.00837301]
 [0.40737841 0.36985083 0.118272   0.09022232 0.01427644]
 [0.36580603 0.33958309 0.20702351 0.05063028 0.0369571 ]]"
90,"[[0.27358108 0.26268773 0.23474402 0.19444214 0.03454502]
 [0.3743924  0.28182888 0.2543465  0.07659874 0.01283348]
 [0.37473434 0.32373645 0.20533456 0.06401601 0.03217864]
 [0.31305294 0.2851868  0.20138773 0.1950769  0.00529563]
 [0.32389542 0.26649829 0.19089341 0.14021073 0.07850215]]"
91,"[[2.98450813e-01 2.88387458e-01 2.64476887e-01 1.48284056e-01
  4.00786317e-04]
 [2.98222979e-01 2.80185583e-01 1.61397871e-01 1.54816517e-01
  1.05377051e-01]
 [6.76186888e-01 1.45644052e-01 1.11538933e-01 6.33959728e-02
  3.23415437e-03]
 [3.28781170e-01 2.73823273e-01 2.42681820e-01 1.19145188e-01
  3.55685493e-02]
 [2.94767218e-01 2.78233512e-01 2.21730162e-01 1.23319059e-01
  8.19500495e-02]]"
92,"[[0.3334477  0.23715377 0.18461054 0.13765324 0.10713474]
 [0.42859841 0.33504693 0.19211812 0.04282065 0.00141588]
 [0.47459043 0.23851118 0.20019148 0.08241843 0.00428849]
 [0.39700042 0.34675683 0.15499583 0.05298385 0.04826307]
 [0.39864398 0.29452481 0.15764377 0.1208438  0.02834365]]"
93,"[[0.34939435 0.22222778 0.21828968 0.10827814 0.10181005]
 [0.37111022 0.34755887 0.20431661 0.04422455 0.03278974]
 [0.37666595 0.25884994 0.15801506 0.13802461 0.06844445]
 [0.40111709 0.31542448 0.22923632 0.03883101 0.0153911 ]
 [0.36211311 0.29412598 0.18225741 0.13690102 0.02460248]]"
94,"[[2.94035062e-01 2.32876497e-01 2.03381093e-01 1.88432293e-01
  8.12750555e-02]
 [4.51893233e-01 3.38588033e-01 1.14741489e-01 8.51265748e-02
  9.65067051e-03]
 [3.46684817e-01 3.21342959e-01 2.10479923e-01 1.21267075e-01
  2.25225741e-04]
 [3.85534755e-01 3.27855984e-01 2.14817185e-01 6.98216340e-02
  1.97044264e-03]
 [3.29759862e-01 2.42822462e-01 1.65040564e-01 1.53328566e-01
  1.09048545e-01]]"
95,"[[0.40086222 0.21180767 0.20260296 0.13961086 0.04511628]
 [0.50827854 0.20059885 0.15771995 0.07390585 0.05949681]
 [0.42899649 0.32964176 0.11610943 0.11019176 0.01506056]
 [0.37737997 0.2840294  0.15315575 0.13300681 0.05242807]
 [0.33733259 0.24772103 0.24541906 0.15961085 0.00991646]]"
96,"[[0.36346883 0.33175239 0.2078455  0.05000937 0.04692391]
 [0.52243858 0.28182314 0.13564761 0.0469704  0.01312027]
 [0.34562105 0.30953174 0.23612231 0.06796342 0.04076148]
 [0.3403169  0.33681588 0.2413484  0.04337751 0.03814131]
 [0.39757454 0.25438777 0.23330559 0.09759946 0.01713265]]"
97,"[[0.28476465 0.27095373 0.23601807 0.17007143 0.03819212]
 [0.35881329 0.32900778 0.13201116 0.10184685 0.07832091]
 [0.3027929  0.28744203 0.24649111 0.10738085 0.05589311]
 [0.40973058 0.3291798  0.15037233 0.10943764 0.00127964]
 [0.24128075 0.22305277 0.21752411 0.16025389 0.15788848]]"
98,"[[0.26945    0.26472922 0.20715651 0.15915785 0.09950642]
 [0.34430424 0.25153768 0.21686553 0.1625208  0.02477175]
 [0.26746987 0.2289219  0.2227241  0.17144135 0.10944278]
 [0.32339884 0.27701139 0.18695462 0.13345333 0.07918183]
 [0.30499227 0.22492807 0.21488987 0.17847255 0.07671724]]"
99,"[[0.47551157 0.23542878 0.12215076 0.09829339 0.06861549]
 [0.32614755 0.32347961 0.30922331 0.03944136 0.00170818]
 [0.2928791  0.24307608 0.20670951 0.15297486 0.10436044]
 [0.32898056 0.20361696 0.17566289 0.15741278 0.13432682]
 [0.24673834 0.22636978 0.19303843 0.19111882 0.14273463]]"
100,"[[0.26601138 0.23465516 0.20587447 0.1986431  0.09481589]
 [0.42110291 0.31558093 0.16928675 0.07021788 0.02381154]
 [0.26336869 0.26171639 0.25859118 0.13145595 0.08486779]
 [0.37667985 0.2317054  0.20500538 0.09993025 0.08667913]
 [0.34014997 0.22731742 0.21272302 0.1840936  0.03571599]]"
101,"[[0.18032931 0.17206252 0.16247667 0.14734594 0.13669811 0.07281756
  0.05281573 0.04218033 0.01790084 0.01537299]
 [0.27016693 0.15882738 0.13916523 0.11385615 0.10414814 0.09269294
  0.0599349  0.03683801 0.02167894 0.0026914 ]
 [0.20333105 0.18879134 0.1788593  0.15015773 0.08969553 0.07100849
  0.06075569 0.04545553 0.00808074 0.0038646 ]
 [0.2200504  0.19945801 0.17207558 0.11365151 0.0837772  0.08053651
  0.07884932 0.0423541  0.00756157 0.00168579]
 [0.2009233  0.18571087 0.14174243 0.11841518 0.1079708  0.08044486
  0.07772876 0.05556192 0.02015109 0.01135079]
 [0.14019659 0.139539   0.12787306 0.11424733 0.10115336 0.09237084
  0.0893568  0.08238054 0.07723156 0.03565091]
 [0.19619222 0.18606984 0.15586821 0.09024171 0.11730989 0.0804793
  0.07223403 0.04354695 0.04120195 0.01685591]
 [0.2074866  0.14337816 0.13242097 0.11891011 0.10405369 0.09031059
  0.07079498 0.05987304 0.01838619 0.05438566]
 [0.15038067 0.14623746 0.14071275 0.10809765 0.10262209 0.0984798
  0.08895015 0.08031105 0.05020912 0.03399926]
 [0.18516057 0.17548335 0.11580652 0.10690996 0.08517775 0.08465839
  0.08175457 0.07939472 0.07509967 0.01055449]]"
102,"[[1.78480051e-01 1.55999447e-01 1.52941539e-01 1.28814083e-01
  1.30556959e-01 1.15436571e-01 5.17901828e-02 4.09187043e-02
  3.11018518e-02 1.39606110e-02]
 [1.91812288e-01 1.39596755e-01 1.31721822e-01 1.22686135e-01
  1.14900009e-01 9.59497378e-02 9.41108029e-02 9.01891698e-02
  1.82645498e-02 7.68730649e-04]
 [1.40358854e-01 1.35443930e-01 1.31738335e-01 1.28175044e-01
  1.13551436e-01 8.56967641e-02 8.31176104e-02 7.05622752e-02
  5.82819783e-02 5.30737730e-02]
 [1.88121450e-01 1.55044353e-01 1.19214330e-01 1.12625037e-01
  9.62113895e-02 9.18935204e-02 8.67804698e-02 7.17939017e-02
  6.24507177e-02 1.58648296e-02]
 [1.54797377e-01 1.49010936e-01 1.34851001e-01 1.31171042e-01
  1.22961536e-01 8.63811605e-02 6.90945653e-02 5.70126793e-02
  5.23136807e-02 4.24060214e-02]
 [1.71219560e-01 1.61191710e-01 1.40996557e-01 1.18211740e-01
  1.12918340e-01 1.12856926e-01 7.42744492e-02 6.44597699e-02
  3.15203688e-02 1.23505791e-02]
 [2.19885751e-01 1.98427474e-01 1.46965869e-01 1.02531598e-01
  9.94271856e-02 7.64448126e-02 7.53708075e-02 6.28176850e-02
  1.16512940e-02 6.47752375e-03]
 [2.14100048e-01 1.91469363e-01 1.44750979e-01 1.44677824e-01
  1.18510413e-01 7.03136821e-02 4.55934857e-02 4.16824329e-02
  2.87002103e-02 2.01560236e-04]
 [2.10802956e-01 1.61058253e-01 1.51959988e-01 1.33614229e-01
  1.11928994e-01 8.18642417e-02 6.59952950e-02 6.30177009e-02
  1.48577145e-02 4.90062873e-03]
 [1.61217935e-01 1.58654771e-01 1.58556759e-01 1.42378831e-01
  1.39255071e-01 7.97652932e-02 5.51022872e-02 5.41354780e-02
  4.46392836e-02 6.29428940e-03]]"
103,"[[0.17627366 0.15018353 0.14031249 0.13013352 0.12395631 0.09069755
  0.08337454 0.06213297 0.02817236 0.01476306]
 [0.23001556 0.22149193 0.21712913 0.10828796 0.08425343 0.07822493
  0.02633845 0.01433586 0.01324347 0.00667928]
 [0.24172603 0.17463607 0.17028717 0.16122437 0.10221811 0.07811714
  0.04424759 0.0043308  0.02227833 0.00093439]
 [0.27414542 0.16208691 0.14733226 0.10082542 0.09971348 0.06015292
  0.05424596 0.042342   0.03506309 0.02409255]
 [0.13264258 0.1235192  0.11598979 0.11019112 0.10560267 0.09940564
  0.09725019 0.09639989 0.06069838 0.05830055]
 [0.17032231 0.15447145 0.12092995 0.11687265 0.11301435 0.09116049
  0.08254965 0.0770711  0.05201555 0.02159251]
 [0.21949984 0.20991725 0.1686168  0.13141101 0.10764459 0.05629121
  0.03919862 0.02987226 0.02733003 0.0102184 ]
 [0.15947801 0.14135299 0.12623504 0.11857438 0.11084237 0.1090161
  0.09406123 0.05400957 0.05342225 0.03300805]
 [0.1803833  0.16882778 0.13012717 0.11504496 0.09180325 0.08085642
  0.06794254 0.06693797 0.04947245 0.04860416]
 [0.18696065 0.18016169 0.1437195  0.13862578 0.10890285 0.07827263
  0.05949165 0.04722484 0.04504615 0.01159426]]"
104,"[[0.21335363 0.18267486 0.13897318 0.13406769 0.11723289 0.10355332
  0.05491439 0.03818254 0.01227617 0.00477133]
 [0.18376417 0.1664505  0.14808931 0.13225587 0.12473295 0.10341775
  0.0699948  0.05142184 0.01080493 0.00906787]
 [0.15608271 0.14965857 0.14846996 0.11702328 0.11687527 0.11662414
  0.07488063 0.0579347  0.05164585 0.01080488]
 [0.16582272 0.14521042 0.11374365 0.11325979 0.1080712  0.10274224
  0.09268583 0.07836048 0.04599726 0.03410642]
 [0.19614531 0.19603182 0.16424229 0.14605236 0.08997271 0.08196058
  0.04076297 0.03396572 0.02719243 0.02367381]
 [0.1306421  0.12404828 0.12052662 0.11249957 0.11247462 0.10888973
  0.10223658 0.09621863 0.06736563 0.02509824]
 [0.18006671 0.15655473 0.1270359  0.11139742 0.10413219 0.09942081
  0.08495036 0.06285752 0.06075029 0.01283407]
 [0.17048988 0.16793808 0.15183512 0.11586773 0.07893416 0.07654125
  0.07228069 0.06035129 0.05747915 0.04828264]
 [0.16874134 0.15780635 0.15003663 0.11458082 0.096608   0.09396628
  0.08208014 0.07966275 0.04618487 0.01033282]
 [0.23579061 0.19703223 0.13325218 0.11552506 0.07170297 0.07123391
  0.06099653 0.0472824  0.03884056 0.02834355]]"
105,"[[0.17173485 0.15958614 0.14961721 0.14915888 0.11408035 0.07289673
  0.05849897 0.04590528 0.0447649  0.03375669]
 [0.19842532 0.17413833 0.1346559  0.12776206 0.07759237 0.11444809
  0.07501157 0.04954169 0.02763891 0.02078576]
 [0.18473508 0.16478268 0.15699341 0.09957766 0.08908615 0.08522964
  0.06623845 0.05636915 0.05045969 0.04652811]
 [0.17381557 0.140961   0.1409356  0.0982983  0.09536841 0.09217897
  0.09170353 0.09090323 0.0459782  0.02985719]
 [0.18193714 0.14413752 0.14352176 0.13078768 0.11176589 0.0977794
  0.05338427 0.04957034 0.04463176 0.04248424]
 [0.14179204 0.13561473 0.13499284 0.12019492 0.11884033 0.1013951
  0.09261253 0.07650831 0.06129074 0.01675845]
 [0.15504015 0.13516368 0.1284208  0.12605258 0.12020533 0.0922365
  0.06955966 0.06140687 0.05678653 0.05512791]
 [0.14362778 0.13997563 0.13859084 0.11796105 0.11667903 0.11395764
  0.08964222 0.05999353 0.05469574 0.02487653]
 [0.19952588 0.1769624  0.14015798 0.1315968  0.09654771 0.07616012
  0.06617257 0.05348188 0.04755285 0.01184181]
 [0.16782687 0.14820192 0.1368914  0.11617809 0.11115953 0.10684059
  0.10267    0.06698747 0.02244777 0.02079635]]"
106,"[[0.19247906 0.14817657 0.12712605 0.12628336 0.11125789 0.09099132
  0.0751898  0.05933468 0.05406095 0.01510032]
 [0.15196709 0.14834101 0.1463029  0.14389419 0.11532915 0.09342141
  0.07652379 0.06008758 0.04196695 0.02216594]
 [0.21035604 0.15495653 0.14852423 0.12693199 0.10851106 0.08717866
  0.08383602 0.05057674 0.01535387 0.01377487]
 [0.15277807 0.14375397 0.14322135 0.139191   0.11764193 0.10373407
  0.07218492 0.0474003  0.04698309 0.0331113 ]
 [0.14795955 0.14685512 0.14277525 0.13991023 0.12868042 0.10435863
  0.0736876  0.06812423 0.0313698  0.01627919]
 [0.18342014 0.16316921 0.16104958 0.16037691 0.09421097 0.09178377
  0.0711905  0.02834584 0.02427111 0.02218197]
 [0.18454739 0.16530909 0.1510343  0.14440612 0.10790424 0.08446315
  0.06807524 0.05881209 0.02056334 0.01488504]
 [0.19998989 0.14585503 0.13276374 0.12408305 0.1109114  0.10026266
  0.07130644 0.05873102 0.04608011 0.01001666]
 [0.1737571  0.16478311 0.12437831 0.12026777 0.11644243 0.09553959
  0.08756561 0.04404913 0.04053032 0.03268663]
 [0.20732168 0.1665562  0.13618936 0.11424113 0.09378356 0.09086087
  0.0822011  0.06011203 0.03296356 0.01577052]]"
107,"[[0.17571199 0.16923865 0.16689735 0.11556614 0.10776297 0.10586746
  0.09294901 0.03898845 0.01475304 0.01226493]
 [0.27909432 0.25262779 0.23607489 0.08691483 0.07299866 0.03905567
  0.0137054  0.01263998 0.00502107 0.00186741]
 [0.25521012 0.19220691 0.16888941 0.16257942 0.06875845 0.05590232
  0.03231459 0.02648505 0.02103156 0.01662216]
 [0.13152738 0.1314436  0.1313773  0.11792593 0.11654979 0.10911792
  0.08368858 0.07932784 0.04230809 0.05673357]
 [0.27592322 0.21465253 0.1475035  0.13677587 0.09948448 0.04830421
  0.0482729  0.01510381 0.0075066  0.00647288]
 [0.16795431 0.12154591 0.11661735 0.11611438 0.09374903 0.08412912
  0.08041637 0.07933666 0.07510646 0.06503041]
 [0.17023426 0.16180145 0.13601989 0.12724279 0.1069303  0.10412311
  0.10190633 0.0843151  0.00422069 0.00320608]
 [0.16486498 0.16330954 0.12450668 0.12167677 0.10797261 0.09610908
  0.08729262 0.06659289 0.04089849 0.02677634]
 [0.13551706 0.13424299 0.13363007 0.13128927 0.12887831 0.12053447
  0.09110992 0.09072722 0.02510346 0.00896724]
 [0.22858312 0.17294669 0.15537996 0.12639961 0.09970321 0.06462302
  0.05642857 0.0548034  0.03101056 0.01012186]]"
108,"[[0.19890669 0.1819942  0.14845121 0.11903747 0.10060412 0.08157378
  0.06456858 0.05586541 0.033102   0.01589655]
 [0.17362009 0.1656935  0.12438087 0.11768801 0.1124455  0.09101181
  0.08330517 0.07252492 0.05765469 0.00167544]
 [0.22068028 0.17457349 0.10582485 0.09128707 0.09662695 0.09107929
  0.07935628 0.06853532 0.05859593 0.01344053]
 [0.17602255 0.17220216 0.14986173 0.12315064 0.1194506  0.11293419
  0.06815062 0.04475059 0.02676431 0.00671262]
 [0.21031153 0.19505831 0.16196183 0.13651811 0.07698625 0.07661526
  0.07289797 0.0451545  0.0233456  0.00115066]
 [0.20821953 0.19906881 0.16872841 0.15817274 0.12131221 0.03684329
  0.03564134 0.02705559 0.02425333 0.02070475]
 [0.24366478 0.18633035 0.1496226  0.12653567 0.09870883 0.07686257
  0.039897   0.03515345 0.02740177 0.01582298]
 [0.16938985 0.16567496 0.15180736 0.12714762 0.11006806 0.09983669
  0.08551255 0.05102633 0.02076072 0.01877586]
 [0.21400117 0.1741127  0.164263   0.14512017 0.08182632 0.06211412
  0.05106537 0.04532751 0.04037865 0.02179099]
 [0.16347742 0.16006856 0.15125701 0.14563391 0.12483714 0.0889437
  0.05171372 0.04589666 0.04689639 0.02127549]]"
109,"[[0.18690449 0.17216232 0.14914685 0.14504795 0.11604361 0.09881128
  0.08678624 0.02093827 0.0193804  0.00477858]
 [0.2156156  0.15376009 0.1433812  0.10500094 0.12915101 0.09637625
  0.08237202 0.06256954 0.01133739 0.00043596]
